1 0.301435 0.474691 0.058612 0.107407
1 0.509569 0.464198 0.053828 0.108642
2 0.653409 0.535802 0.062799 0.138272
2 0.279605 0.620370 0.080742 0.124691
3 0.415371 0.625926 0.085526 0.143210
4 0.723684 0.620370 0.065789 0.144444
6 0.188696 0.693827 0.114234 0.165432
7 0.375598 0.472222 0.056220 0.107407
7 0.437500 0.474691 0.059211 0.104938
7 0.592703 0.462346 0.051435 0.119753
8 0.249402 0.390741 0.070574 0.127160
9 0.653110 0.290123 0.065789 0.150617
9 0.497010 0.622222 0.081340 0.145679
5 0.445275 0.355556 0.080742 0.167901
12 0.517943 0.214815 0.072967 0.180247
