12 0.498804 0.240123 0.074163 0.166667
9 0.501495 0.607407 0.078349 0.128395
9 0.630981 0.294444 0.062201 0.141975
8 0.259270 0.429012 0.071172 0.112346
7 0.380981 0.491975 0.056220 0.090123
7 0.438995 0.484568 0.055024 0.097531
7 0.584928 0.462346 0.056220 0.109877
6 0.217105 0.706790 0.112440 0.144444
5 0.438696 0.379012 0.086722 0.158025
4 0.717105 0.589506 0.063397 0.134568
3 0.427931 0.623457 0.083134 0.130864
2 0.300538 0.635802 0.077153 0.116049
2 0.645933 0.520370 0.061005 0.124691
1 0.312500 0.500000 0.056818 0.091358
1 0.506280 0.467901 0.050837 0.108642
