1 0.510167 0.463580 0.058612 0.112346
1 0.307117 0.482716 0.053230 0.103704
2 0.287380 0.626543 0.073565 0.127160
2 0.651316 0.529630 0.059809 0.133333
3 0.418062 0.624074 0.088517 0.129630
4 0.718600 0.605556 0.061603 0.141975
5 0.439892 0.369136 0.079545 0.160494
6 0.199761 0.700000 0.112440 0.153086
7 0.585227 0.467284 0.054426 0.112346
7 0.378888 0.482716 0.052033 0.093827
7 0.438397 0.483333 0.053828 0.095062
8 0.253289 0.407407 0.074761 0.113580
9 0.498505 0.616667 0.075957 0.146914
9 0.643541 0.288889 0.062201 0.145679
12 0.509868 0.222840 0.073565 0.171605
