1 0.507476 0.463580 0.058014 0.107407
1 0.503589 0.627778 0.057416 0.117284
1 0.576854 0.630247 0.055622 0.112346
1 0.364833 0.547531 0.057416 0.104938
2 0.642045 0.445062 0.054426 0.132099
2 0.310108 0.456790 0.073565 0.128395
3 0.439892 0.382716 0.078349 0.143210
4 0.348385 0.622840 0.080742 0.141975
6 0.650718 0.605556 0.078947 0.171605
7 0.650419 0.314815 0.050837 0.106173
8 0.250598 0.395062 0.068182 0.125926
9 0.521830 0.228395 0.067584 0.153086
9 0.724282 0.524691 0.068182 0.160494
10 0.322667 0.312346 0.065191 0.138272
11 0.581340 0.362963 0.077751 0.170370
12 0.450359 0.285802 0.081340 0.179012
