1 0.369019 0.529630 0.050239 0.106173
1 0.510467 0.469136 0.050837 0.103704
1 0.496411 0.616667 0.051435 0.102469
1 0.563696 0.622222 0.054426 0.101235
2 0.323565 0.440123 0.064593 0.114815
2 0.636364 0.464815 0.053828 0.127160
3 0.451555 0.386420 0.066986 0.133333
4 0.353768 0.600000 0.068780 0.130864
6 0.634270 0.608025 0.073565 0.156790
7 0.654007 0.341975 0.048445 0.098765
8 0.269438 0.380247 0.060407 0.118519
9 0.707536 0.550617 0.064593 0.130864
9 0.536483 0.256790 0.062201 0.138272
10 0.344797 0.309259 0.060407 0.127160
11 0.584031 0.380864 0.067584 0.156790
12 0.462919 0.301235 0.066986 0.167901
