12 0.452452 0.293210 0.073565 0.164198
11 0.581938 0.370988 0.070574 0.156790
10 0.333433 0.313580 0.063995 0.130864
9 0.717105 0.538272 0.066986 0.135802
9 0.527512 0.244444 0.066986 0.148148
8 0.259569 0.383951 0.070574 0.118519
7 0.651017 0.325309 0.050837 0.104938
1 0.368421 0.540741 0.052632 0.091358
1 0.510766 0.464198 0.049043 0.111111
1 0.572069 0.627160 0.058014 0.113580
1 0.501495 0.625309 0.054426 0.112346
2 0.316089 0.449383 0.068780 0.125926
2 0.640849 0.450617 0.054426 0.130864
3 0.444378 0.385802 0.074163 0.139506
4 0.351974 0.611111 0.071172 0.130864
6 0.642943 0.609259 0.076555 0.176543
