1 0.412380 0.193827 0.041268 0.093827
1 0.305622 0.462963 0.053828 0.103704
2 0.372309 0.458025 0.066388 0.128395
4 0.261663 0.334568 0.065191 0.123457
5 0.501794 0.590123 0.088517 0.175309
6 0.510467 0.433951 0.084330 0.174074
7 0.247010 0.464815 0.059809 0.107407
7 0.457237 0.317901 0.047249 0.107407
7 0.583134 0.386420 0.053828 0.116049
8 0.226077 0.610494 0.080144 0.122222
9 0.320873 0.382099 0.074761 0.132099
10 0.435407 0.516667 0.068182 0.129630
11 0.393541 0.236420 0.081340 0.154321
12 0.343002 0.601852 0.097488 0.166667
2 0.716806 0.179012 0.055622 0.128395
