1 0.414773 0.198148 0.047249 0.090123
1 0.304127 0.462963 0.055622 0.106173
2 0.374103 0.461111 0.066388 0.132099
2 0.715311 0.177778 0.056220 0.120988
4 0.259868 0.329630 0.068780 0.135802
5 0.500000 0.591975 0.088517 0.181481
6 0.508971 0.437037 0.088517 0.190123
7 0.462620 0.318519 0.050837 0.111111
7 0.585227 0.387037 0.048445 0.102469
7 0.246411 0.465432 0.056220 0.098765
8 0.225778 0.612963 0.073565 0.127160
9 0.319378 0.379012 0.063397 0.128395
10 0.434510 0.519136 0.058014 0.134568
11 0.396531 0.237654 0.070574 0.161728
12 0.341806 0.596296 0.090311 0.180247
