12 0.344797 0.596296 0.098684 0.172840
11 0.397129 0.243827 0.076555 0.159259
10 0.434809 0.512346 0.061005 0.135802
9 0.322069 0.376543 0.071172 0.135802
8 0.230263 0.602469 0.075359 0.120988
7 0.246711 0.461111 0.058014 0.097531
7 0.463517 0.319136 0.050239 0.104938
7 0.582835 0.388889 0.058014 0.103704
6 0.510167 0.434568 0.081340 0.182716
5 0.504187 0.590741 0.090909 0.171605
4 0.268541 0.332716 0.065789 0.137037
2 0.375000 0.458025 0.065789 0.128395
1 0.307715 0.460494 0.054426 0.098765
2 0.716507 0.187654 0.047847 0.120988
1 0.417464 0.198148 0.044258 0.095062
