12 0.569079 0.708642 0.084330 0.158025
11 0.233852 0.440741 0.098086 0.158025
10 0.271232 0.251852 0.061603 0.128395
9 0.413876 0.704938 0.089713 0.155556
8 0.280801 0.626543 0.078349 0.127160
7 0.450060 0.387654 0.050837 0.103704
7 0.588816 0.382716 0.048445 0.098765
6 0.723086 0.278395 0.066986 0.181481
5 0.469797 0.162963 0.080742 0.155556
4 0.197967 0.709877 0.088517 0.130864
2 0.316986 0.461728 0.071770 0.130864
1 0.369617 0.540741 0.061005 0.103704
1 0.517943 0.309259 0.051435 0.100000
1 0.328648 0.333333 0.053230 0.101235
2 0.577751 0.295062 0.057416 0.130864
