12 0.573864 0.706173 0.077153 0.162963
11 0.233254 0.438272 0.093301 0.160494
10 0.271830 0.250000 0.063995 0.129630
9 0.411782 0.704938 0.083134 0.153086
8 0.278409 0.621605 0.074761 0.124691
7 0.450060 0.389506 0.049641 0.095062
7 0.588218 0.383333 0.053230 0.102469
6 0.722189 0.277160 0.071172 0.188889
5 0.472189 0.164198 0.073565 0.148148
4 0.193780 0.708025 0.082536 0.132099
2 0.313397 0.457407 0.066986 0.132099
1 0.330144 0.329630 0.055024 0.108642
1 0.368720 0.542593 0.056818 0.109877
1 0.516447 0.312346 0.046053 0.098765
2 0.577751 0.299383 0.053828 0.127160
