2 0.584928 0.320988 0.051435 0.118519
2 0.328947 0.444444 0.062201 0.120988
1 0.375299 0.522840 0.048445 0.097531
1 0.346890 0.335802 0.046651 0.093827
1 0.526017 0.332099 0.044856 0.093827
4 0.200359 0.657407 0.076555 0.124691
5 0.490132 0.195679 0.063995 0.146914
6 0.721591 0.320370 0.067584 0.166667
7 0.457237 0.393210 0.046053 0.100000
7 0.589115 0.403704 0.047847 0.098765
8 0.285586 0.591358 0.069976 0.123457
9 0.406400 0.678395 0.080742 0.137037
10 0.299043 0.253086 0.053828 0.120988
11 0.252093 0.423457 0.081938 0.143210
12 0.554725 0.693210 0.075957 0.154321
