1 0.328349 0.330247 0.050239 0.100000
1 0.515550 0.312346 0.047847 0.106173
1 0.437201 0.465432 0.052632 0.108642
2 0.577153 0.295679 0.055024 0.129630
2 0.395036 0.308025 0.062799 0.122222
4 0.576555 0.440123 0.065789 0.139506
5 0.471591 0.161728 0.071172 0.155556
6 0.726376 0.274074 0.066388 0.177778
7 0.433014 0.546296 0.062201 0.102469
8 0.379187 0.380247 0.062201 0.116049
9 0.365730 0.448148 0.081938 0.140741
10 0.271232 0.250000 0.067584 0.144444
11 0.285586 0.521605 0.098684 0.169136
12 0.724581 0.428395 0.079545 0.182716
7 0.590012 0.385185 0.043660 0.103704
