1 0.328648 0.361728 0.050837 0.096296
1 0.507775 0.324691 0.051435 0.098765
1 0.438995 0.469753 0.057416 0.100000
2 0.391148 0.333333 0.058612 0.106173
2 0.563397 0.303704 0.056220 0.120988
4 0.570873 0.441358 0.063995 0.132099
5 0.454844 0.194444 0.077153 0.151852
6 0.703050 0.274074 0.065191 0.172840
7 0.438397 0.545062 0.055024 0.100000
8 0.377093 0.403704 0.061603 0.113580
9 0.370215 0.465432 0.078947 0.128395
10 0.272129 0.291975 0.063397 0.134568
11 0.298146 0.537654 0.097488 0.149383
12 0.709928 0.419753 0.068182 0.165432
7 0.579545 0.387654 0.046651 0.091358
