12 0.715012 0.426543 0.068780 0.181481
11 0.289175 0.528395 0.098684 0.155556
10 0.270335 0.267284 0.066986 0.144444
9 0.368720 0.456790 0.078349 0.135802
8 0.376495 0.393210 0.061603 0.122222
7 0.434809 0.544444 0.057416 0.108642
7 0.585526 0.383333 0.045455 0.102469
6 0.716208 0.274691 0.072368 0.171605
5 0.465012 0.173457 0.072368 0.154321
4 0.573266 0.440123 0.065191 0.134568
2 0.393840 0.314198 0.062799 0.117284
2 0.571471 0.299383 0.055622 0.132099
1 0.514354 0.319136 0.047847 0.097531
1 0.329246 0.341975 0.049641 0.091358
1 0.434809 0.466049 0.061005 0.104938
