1 0.518840 0.313580 0.055622 0.103704
1 0.226376 0.541358 0.060407 0.104938
1 0.576256 0.632716 0.058014 0.095062
2 0.381280 0.372222 0.063995 0.129630
2 0.450060 0.378395 0.062799 0.132099
4 0.579545 0.438889 0.064593 0.146914
5 0.258971 0.298148 0.083732 0.161728
6 0.721591 0.275309 0.071172 0.182716
7 0.589713 0.380247 0.049043 0.103704
7 0.570873 0.730247 0.055622 0.107407
8 0.424043 0.537654 0.068182 0.127160
9 0.268840 0.619753 0.084330 0.138272
10 0.586722 0.231481 0.056220 0.141975
11 0.497309 0.614815 0.087919 0.167901
12 0.346591 0.519753 0.090311 0.172840
