1 0.577153 0.625309 0.052632 0.107407
1 0.236543 0.559259 0.059211 0.103704
1 0.511962 0.321605 0.052632 0.097531
2 0.379785 0.385185 0.065789 0.133333
2 0.448266 0.387037 0.062799 0.129630
4 0.575060 0.440741 0.059211 0.135802
5 0.258971 0.321605 0.087321 0.149383
6 0.713218 0.280247 0.066388 0.177778
7 0.574761 0.719136 0.056220 0.095062
7 0.583732 0.380864 0.045455 0.104938
8 0.432715 0.539506 0.065191 0.116049
9 0.284988 0.629012 0.086722 0.132099
10 0.578648 0.240741 0.053230 0.125926
11 0.502093 0.609877 0.081938 0.162963
12 0.352871 0.527160 0.083732 0.162963
