12 0.348684 0.518519 0.088517 0.175309
11 0.495813 0.607407 0.084928 0.165432
10 0.589713 0.237654 0.057416 0.134568
9 0.273325 0.612346 0.086124 0.135802
8 0.424342 0.534568 0.067584 0.123457
7 0.564892 0.726543 0.055622 0.107407
7 0.589115 0.386420 0.047847 0.106173
6 0.722787 0.288889 0.068780 0.182716
5 0.265251 0.298765 0.084330 0.155556
4 0.578349 0.444444 0.059809 0.140741
2 0.386364 0.373457 0.066986 0.124691
2 0.451854 0.374074 0.061603 0.135802
1 0.518242 0.314198 0.049641 0.100000
1 0.229665 0.532099 0.059809 0.106173
1 0.572967 0.633951 0.058612 0.107407
