1 0.502691 0.546296 0.058014 0.109877
1 0.516746 0.315432 0.051435 0.107407
1 0.354665 0.631481 0.064593 0.112346
2 0.450060 0.379012 0.067584 0.138272
2 0.401316 0.248148 0.062201 0.123457
4 0.579246 0.441975 0.065191 0.143210
5 0.369019 0.440123 0.087321 0.171605
6 0.723385 0.279630 0.071172 0.186420
7 0.591806 0.381481 0.046053 0.098765
7 0.644139 0.637654 0.057416 0.114815
8 0.354665 0.543210 0.065789 0.123457
9 0.410885 0.627160 0.082536 0.138272
10 0.588816 0.230247 0.055622 0.137037
11 0.722189 0.522840 0.073565 0.176543
12 0.273923 0.602469 0.102871 0.175309
