1 0.525718 0.330247 0.049043 0.095062
1 0.500897 0.541358 0.053230 0.100000
1 0.357955 0.608642 0.053230 0.096296
2 0.419856 0.262346 0.051435 0.112346
2 0.461722 0.387654 0.055024 0.113580
4 0.576854 0.456790 0.060407 0.130864
5 0.380383 0.433333 0.081340 0.158025
6 0.718900 0.318519 0.064593 0.172840
7 0.627392 0.632099 0.056220 0.101235
7 0.593002 0.403086 0.040072 0.092593
8 0.361842 0.526543 0.063397 0.124691
9 0.409689 0.601852 0.071770 0.144444
10 0.596591 0.262346 0.052033 0.129630
11 0.708134 0.539506 0.071770 0.160494
12 0.277512 0.571605 0.093301 0.165432
