12 0.280502 0.617901 0.089713 0.161728
11 0.716507 0.510494 0.075359 0.171605
10 0.581340 0.238272 0.055024 0.130864
9 0.416866 0.620988 0.084928 0.150617
8 0.357955 0.546914 0.071172 0.130864
7 0.588218 0.383951 0.048445 0.111111
7 0.641148 0.617901 0.056220 0.117284
6 0.712620 0.277778 0.069976 0.182716
5 0.372010 0.446296 0.092105 0.159259
4 0.577452 0.443210 0.063995 0.143210
2 0.395933 0.260494 0.059809 0.123457
2 0.449761 0.383333 0.057416 0.127160
1 0.514653 0.323457 0.052033 0.103704
1 0.507775 0.546914 0.058612 0.116049
1 0.363038 0.640123 0.055024 0.107407
