1 0.505084 0.550617 0.056818 0.098765
1 0.587919 0.313580 0.047847 0.118519
2 0.400718 0.243827 0.061005 0.122222
2 0.505981 0.466049 0.062201 0.129630
4 0.646830 0.539506 0.065191 0.143210
5 0.489533 0.612963 0.093900 0.171605
6 0.644737 0.349383 0.072967 0.197531
7 0.585825 0.467284 0.055622 0.107407
7 0.576854 0.625309 0.056818 0.122222
8 0.421053 0.632716 0.070574 0.137037
1 0.345993 0.639506 0.062799 0.118519
9 0.328349 0.307407 0.076555 0.150617
10 0.717703 0.372840 0.057416 0.143210
11 0.726675 0.601852 0.080144 0.193827
12 0.259270 0.296914 0.085526 0.171605
