1 0.346591 0.617901 0.056818 0.097531
1 0.592105 0.337654 0.044258 0.104938
1 0.500598 0.542593 0.055024 0.107407
2 0.507476 0.469753 0.056818 0.129630
2 0.414175 0.256173 0.054426 0.124691
4 0.638756 0.545062 0.063397 0.141975
5 0.485347 0.603086 0.079545 0.154321
6 0.643840 0.376543 0.066388 0.180247
7 0.568780 0.628395 0.049043 0.106173
7 0.581340 0.475926 0.051435 0.117284
8 0.416567 0.619136 0.066388 0.132099
9 0.341806 0.308025 0.069976 0.149383
10 0.711722 0.398765 0.056220 0.128395
11 0.710825 0.621605 0.073565 0.166667
12 0.277811 0.287654 0.083134 0.177778
