12 0.257775 0.298148 0.088517 0.156790
11 0.724581 0.605556 0.077153 0.179012
10 0.717105 0.368519 0.053828 0.139506
9 0.324163 0.311728 0.071770 0.149383
8 0.421651 0.638272 0.069378 0.140741
7 0.583134 0.469136 0.049043 0.113580
6 0.641447 0.353704 0.074761 0.186420
5 0.489533 0.615432 0.085526 0.161728
4 0.646830 0.533951 0.063995 0.139506
2 0.505682 0.467284 0.062799 0.127160
2 0.397428 0.250000 0.059211 0.124691
1 0.583433 0.320370 0.049641 0.102469
1 0.508672 0.546296 0.050837 0.100000
1 0.349880 0.635802 0.059809 0.101235
7 0.577751 0.629012 0.050239 0.112346
