1 0.369916 0.459259 0.052033 0.101235
1 0.352273 0.631481 0.058612 0.107407
1 0.593002 0.314198 0.043660 0.100000
2 0.398624 0.246914 0.056818 0.116049
2 0.424641 0.534568 0.066986 0.123457
4 0.583134 0.451852 0.064593 0.150617
5 0.421352 0.606790 0.092703 0.169136
6 0.446770 0.358642 0.082536 0.181481
7 0.719797 0.311728 0.049641 0.102469
8 0.567285 0.603704 0.062799 0.140741
9 0.328050 0.303704 0.074761 0.158025
10 0.509270 0.453704 0.062799 0.139506
7 0.724880 0.383333 0.050239 0.107407
12 0.255682 0.291975 0.086722 0.166667
11 0.581938 0.353086 0.068182 0.160494
