12 0.269438 0.293210 0.080742 0.161728
11 0.587321 0.363580 0.066986 0.159259
10 0.509270 0.456173 0.061603 0.134568
9 0.338517 0.305556 0.070574 0.144444
8 0.563397 0.602469 0.061005 0.138272
7 0.719199 0.325926 0.046053 0.098765
7 0.722787 0.395062 0.049641 0.103704
6 0.451555 0.363580 0.076555 0.176543
5 0.421352 0.599383 0.090311 0.166667
2 0.408792 0.250000 0.055622 0.124691
2 0.424940 0.530864 0.059211 0.116049
1 0.374103 0.456173 0.050837 0.107407
1 0.352273 0.617901 0.056220 0.102469
1 0.594498 0.327160 0.045455 0.101235
4 0.581340 0.458025 0.061005 0.133333
