1 0.371411 0.467901 0.056220 0.101235
1 0.355861 0.631481 0.058612 0.104938
1 0.589115 0.313580 0.044258 0.091358
2 0.399222 0.259877 0.059211 0.119753
2 0.424940 0.537037 0.065191 0.123457
4 0.581639 0.449383 0.062799 0.145679
5 0.424043 0.611111 0.090909 0.158025
6 0.444677 0.364815 0.081938 0.166667
7 0.716208 0.311111 0.048445 0.098765
7 0.721292 0.377778 0.052632 0.101235
8 0.569079 0.607407 0.063995 0.148148
9 0.326256 0.311728 0.071172 0.144444
10 0.509569 0.455556 0.062201 0.130864
11 0.581340 0.354938 0.070574 0.161728
12 0.258074 0.301235 0.084330 0.167901
