1 0.589713 0.379630 0.055024 0.107407
1 0.659689 0.171605 0.045455 0.113580
1 0.720096 0.385802 0.051435 0.107407
2 0.388457 0.382099 0.067584 0.129630
2 0.342703 0.632716 0.077751 0.129630
4 0.504785 0.455556 0.068182 0.138272
5 0.741926 0.716049 0.081938 0.180247
6 0.208134 0.597531 0.105263 0.175309
7 0.423146 0.632716 0.055622 0.119753
7 0.651914 0.552469 0.062201 0.117284
8 0.256878 0.716049 0.078349 0.123457
9 0.254486 0.377778 0.080742 0.148148
10 0.360347 0.538889 0.068780 0.139506
11 0.456938 0.242593 0.075359 0.166667
12 0.594199 0.279012 0.073565 0.185185
