1 0.645634 0.183333 0.044856 0.104938
1 0.708732 0.379630 0.047847 0.104938
1 0.583732 0.382716 0.050239 0.096296
2 0.389653 0.393827 0.069976 0.123457
2 0.355861 0.636420 0.080144 0.132099
4 0.504187 0.456790 0.065789 0.135802
5 0.738636 0.695062 0.077751 0.170370
6 0.219199 0.607407 0.102273 0.162963
7 0.427333 0.630864 0.050837 0.116049
7 0.648624 0.541975 0.050837 0.118519
8 0.267943 0.714198 0.074163 0.119753
9 0.255383 0.396296 0.075359 0.133333
10 0.361244 0.546296 0.066986 0.132099
11 0.450957 0.258642 0.074163 0.171605
12 0.585227 0.288889 0.069976 0.182716
