12 0.589115 0.279630 0.071770 0.176543
11 0.454844 0.247531 0.078349 0.159259
10 0.361842 0.541975 0.065789 0.133333
9 0.257775 0.385185 0.075359 0.135802
8 0.264055 0.709877 0.077153 0.125926
7 0.426435 0.633333 0.062201 0.116049
7 0.654605 0.545062 0.062799 0.122222
6 0.214115 0.605556 0.104067 0.161728
5 0.738935 0.700000 0.078349 0.177778
4 0.503888 0.454938 0.062799 0.139506
2 0.391148 0.393210 0.070574 0.137037
2 0.348684 0.632716 0.077751 0.124691
1 0.587022 0.385802 0.048445 0.097531
1 0.715610 0.381481 0.054426 0.111111
1 0.653409 0.177778 0.042464 0.106173
