10 0.723086 0.453086 0.057416 0.130864
9 0.655203 0.521605 0.068780 0.139506
8 0.332237 0.714198 0.085526 0.127160
7 0.295455 0.550000 0.058612 0.102469
7 0.308612 0.458642 0.052632 0.102469
7 0.411184 0.548148 0.054426 0.098765
7 0.460526 0.325926 0.047847 0.096296
7 0.508672 0.385802 0.052033 0.114815
4 0.527512 0.234568 0.063397 0.138272
2 0.732057 0.632716 0.058612 0.129630
2 0.271531 0.314198 0.063397 0.124691
1 0.388158 0.389506 0.053828 0.104938
1 0.464115 0.248148 0.047847 0.101235
1 0.580144 0.451852 0.053828 0.103704
1 0.562799 0.653086 0.057416 0.118519
