1 0.386065 0.410494 0.056818 0.104938
1 0.450957 0.271605 0.050239 0.096296
1 0.572069 0.444444 0.050837 0.101235
1 0.570574 0.632099 0.050239 0.111111
2 0.274222 0.354321 0.061603 0.106173
2 0.726974 0.598148 0.061603 0.132099
4 0.512261 0.258025 0.063995 0.130864
7 0.423146 0.551852 0.056818 0.103704
7 0.505383 0.397531 0.047847 0.106173
7 0.452751 0.352469 0.045455 0.107407
7 0.317883 0.482716 0.055622 0.098765
7 0.308612 0.561728 0.062201 0.088889
8 0.347189 0.706173 0.072368 0.125926
9 0.646232 0.507407 0.068780 0.145679
10 0.710227 0.439506 0.055622 0.125926
