10 0.721591 0.450617 0.060407 0.145679
9 0.652512 0.522222 0.063397 0.148148
8 0.331041 0.711728 0.081938 0.139506
7 0.414474 0.549383 0.055024 0.111111
7 0.295455 0.548765 0.056220 0.097531
7 0.306220 0.464815 0.055024 0.100000
4 0.524821 0.242593 0.055622 0.134568
7 0.456041 0.330247 0.050837 0.102469
7 0.510167 0.391358 0.052632 0.113580
2 0.273325 0.325309 0.066986 0.112346
2 0.729665 0.626543 0.063397 0.124691
1 0.567584 0.649383 0.051435 0.106173
1 0.579246 0.452469 0.054426 0.112346
1 0.461423 0.253086 0.049641 0.098765
1 0.384270 0.396296 0.056818 0.111111
