1 0.418062 0.636420 0.063397 0.114815
1 0.447069 0.455556 0.048445 0.103704
1 0.512560 0.454938 0.055024 0.109877
1 0.590610 0.454938 0.053230 0.114815
1 0.464713 0.248765 0.049043 0.102469
2 0.732656 0.633951 0.063397 0.137037
4 0.526017 0.233333 0.056818 0.133333
4 0.715012 0.295062 0.055622 0.143210
3 0.258971 0.381481 0.077751 0.145679
7 0.293660 0.551852 0.058612 0.103704
7 0.379187 0.457407 0.057416 0.104938
7 0.459629 0.326543 0.050837 0.102469
7 0.522428 0.317284 0.052033 0.096296
8 0.381579 0.369753 0.068182 0.134568
9 0.654306 0.518519 0.064593 0.160494
10 0.723385 0.448765 0.066388 0.141975
