10 0.715012 0.470988 0.061603 0.132099
9 0.648026 0.533951 0.065191 0.146914
8 0.388457 0.370988 0.062799 0.129630
7 0.386962 0.452469 0.050239 0.092593
7 0.301734 0.530247 0.058014 0.100000
7 0.466806 0.335185 0.044856 0.097531
7 0.526615 0.336420 0.046053 0.100000
4 0.537679 0.253704 0.062201 0.129630
4 0.710825 0.325926 0.054426 0.135802
3 0.271830 0.372222 0.065191 0.132099
2 0.716507 0.639506 0.056220 0.135802
1 0.417464 0.621605 0.058612 0.107407
1 0.454545 0.454321 0.049043 0.093827
1 0.513457 0.456790 0.054426 0.091358
1 0.589414 0.466049 0.049641 0.102469
1 0.473684 0.261111 0.046651 0.087654
