1 0.467404 0.253704 0.046053 0.095062
1 0.514055 0.454321 0.049641 0.111111
1 0.590311 0.454938 0.052632 0.112346
1 0.451256 0.456173 0.055622 0.109877
1 0.418660 0.634568 0.057416 0.106173
2 0.728469 0.637654 0.055024 0.134568
3 0.260467 0.375309 0.080742 0.133333
4 0.529306 0.245062 0.058612 0.134568
4 0.714414 0.307407 0.060407 0.143210
7 0.294258 0.540123 0.055024 0.112346
7 0.380383 0.454938 0.047847 0.097531
7 0.462321 0.331481 0.050239 0.095062
7 0.523325 0.323457 0.050239 0.086420
8 0.381579 0.375926 0.063397 0.132099
9 0.650120 0.529630 0.068182 0.160494
10 0.722189 0.463580 0.063995 0.139506
