1 0.394737 0.320988 0.051435 0.106173
1 0.446770 0.458025 0.052632 0.113580
1 0.501495 0.552469 0.056818 0.104938
1 0.592105 0.454938 0.052632 0.117284
1 0.418062 0.635802 0.062201 0.113580
2 0.572069 0.720988 0.066388 0.133333
4 0.465311 0.240741 0.061005 0.138272
4 0.650718 0.222222 0.058612 0.140741
3 0.303529 0.458025 0.078349 0.135802
7 0.256280 0.393827 0.046053 0.106173
7 0.521531 0.313580 0.049043 0.106173
7 0.361244 0.545679 0.050239 0.098765
7 0.355861 0.638889 0.063397 0.109877
2 0.510467 0.379012 0.063995 0.138272
10 0.723684 0.451235 0.065789 0.144444
9 0.485048 0.714815 0.075359 0.155556
