10 0.724880 0.451852 0.068182 0.143210
9 0.484151 0.714198 0.078349 0.161728
8 0.510467 0.382099 0.056818 0.127160
7 0.521830 0.316667 0.047249 0.092593
7 0.360347 0.547531 0.049641 0.104938
7 0.356160 0.637654 0.054426 0.107407
7 0.258373 0.390741 0.045455 0.104938
4 0.465610 0.241358 0.058014 0.134568
4 0.650120 0.227778 0.059809 0.149383
1 0.396232 0.325309 0.050837 0.102469
1 0.448266 0.456173 0.052033 0.104938
1 0.502691 0.554321 0.054426 0.108642
1 0.591208 0.451235 0.056818 0.109877
1 0.420156 0.632716 0.058014 0.109877
3 0.304127 0.451235 0.079545 0.149383
2 0.566388 0.715432 0.064593 0.132099
