1 0.405801 0.325926 0.048445 0.096296
1 0.451555 0.457407 0.052632 0.097531
1 0.498206 0.549383 0.051435 0.106173
1 0.417464 0.623457 0.051435 0.096296
1 0.590311 0.467284 0.052632 0.104938
2 0.556818 0.711728 0.061005 0.124691
3 0.313995 0.443827 0.074163 0.139506
4 0.476376 0.255556 0.056818 0.130864
4 0.655203 0.252469 0.056818 0.141975
7 0.271232 0.382099 0.046053 0.102469
7 0.365431 0.533333 0.052632 0.098765
7 0.357955 0.616667 0.054426 0.102469
7 0.530203 0.327160 0.047249 0.098765
8 0.513158 0.387037 0.057416 0.119753
9 0.478768 0.699383 0.063995 0.137037
10 0.716507 0.470370 0.061005 0.140741
