1 0.398325 0.243827 0.046651 0.107407
1 0.446770 0.459259 0.053828 0.098765
1 0.436304 0.543210 0.053230 0.111111
1 0.590909 0.454321 0.055024 0.106173
2 0.575060 0.728395 0.066388 0.130864
3 0.206938 0.566049 0.081340 0.139506
3 0.731459 0.612346 0.072967 0.150617
4 0.522428 0.373457 0.065191 0.149383
7 0.537978 0.239506 0.050837 0.118519
7 0.392943 0.324691 0.053828 0.098765
8 0.270036 0.708642 0.083134 0.123457
9 0.305622 0.430864 0.087321 0.150617
10 0.353469 0.541975 0.071770 0.138272
10 0.406998 0.633951 0.078349 0.141975
