1 0.415371 0.256790 0.047249 0.093827
1 0.587321 0.465432 0.052632 0.111111
1 0.452452 0.456790 0.049641 0.103704
1 0.436005 0.525926 0.051435 0.108642
2 0.559211 0.716049 0.063397 0.128395
3 0.218002 0.535185 0.078349 0.137037
3 0.714414 0.620370 0.066388 0.144444
4 0.526914 0.390741 0.059809 0.137037
7 0.548744 0.262963 0.052033 0.098765
7 0.404306 0.331481 0.049043 0.102469
8 0.270933 0.672840 0.074163 0.123457
9 0.316687 0.419753 0.077153 0.153086
10 0.359151 0.523457 0.066388 0.133333
10 0.403708 0.611728 0.065789 0.134568
