10 0.406998 0.624074 0.073565 0.151852
10 0.352572 0.540123 0.071172 0.141975
9 0.306818 0.433333 0.083732 0.155556
8 0.270036 0.708025 0.080742 0.119753
7 0.392644 0.321605 0.052033 0.102469
7 0.536782 0.243827 0.047249 0.104938
4 0.522727 0.382099 0.069378 0.137037
3 0.209330 0.561111 0.090909 0.151852
3 0.727871 0.611728 0.072967 0.156790
2 0.572667 0.722222 0.065191 0.143210
1 0.399522 0.247531 0.046651 0.102469
1 0.434809 0.541975 0.059809 0.108642
1 0.449163 0.455556 0.051435 0.111111
1 0.591208 0.456790 0.053230 0.120988
