1 0.399522 0.241358 0.053828 0.112346
1 0.587321 0.446296 0.052632 0.122222
1 0.448565 0.458025 0.053828 0.108642
1 0.436603 0.539506 0.059809 0.108642
2 0.490730 0.635185 0.072368 0.139506
3 0.280502 0.250000 0.072967 0.141975
3 0.494916 0.724691 0.083134 0.145679
4 0.522428 0.373457 0.063995 0.141975
7 0.647727 0.456173 0.053828 0.109877
7 0.645634 0.558642 0.056818 0.112346
8 0.200359 0.616049 0.077751 0.116049
9 0.304426 0.425309 0.087321 0.146914
10 0.274522 0.614815 0.077751 0.133333
10 0.409390 0.632716 0.073565 0.144444
