1 0.447667 0.463580 0.052033 0.112346
1 0.436603 0.540741 0.056220 0.103704
1 0.584629 0.451235 0.050837 0.109877
1 0.396531 0.264815 0.052632 0.095062
2 0.495215 0.624074 0.069378 0.129630
3 0.497010 0.715432 0.078947 0.139506
3 0.279904 0.272840 0.070574 0.125926
4 0.518541 0.380247 0.064593 0.130864
7 0.643541 0.446914 0.050239 0.106173
7 0.647129 0.546296 0.044258 0.107407
8 0.212321 0.625926 0.077751 0.123457
9 0.305622 0.444444 0.077751 0.150617
10 0.285885 0.626543 0.081340 0.139506
10 0.416268 0.629012 0.080144 0.137037
