10 0.276316 0.599383 0.072967 0.132099
10 0.407297 0.619136 0.071770 0.146914
9 0.312799 0.425309 0.078947 0.149383
8 0.206639 0.598148 0.079545 0.122222
7 0.643541 0.467901 0.052632 0.096296
7 0.643541 0.563580 0.056220 0.109877
4 0.524821 0.382716 0.058014 0.140741
3 0.488636 0.714815 0.069378 0.133333
3 0.296053 0.252469 0.065789 0.139506
2 0.488337 0.622840 0.071172 0.129630
1 0.410586 0.250617 0.050837 0.103704
1 0.450957 0.453704 0.055024 0.109877
1 0.435706 0.535185 0.053230 0.100000
1 0.583732 0.458025 0.050239 0.120988
