11 0.219199 0.514815 0.099880 0.167901
10 0.528409 0.175309 0.055622 0.135802
9 0.575658 0.446914 0.077153 0.160494
8 0.259270 0.338272 0.066388 0.118519
10 0.392644 0.307407 0.065191 0.138272
7 0.433014 0.459877 0.055024 0.119753
7 0.646830 0.559259 0.050837 0.113580
5 0.588218 0.283333 0.071172 0.176543
4 0.520634 0.245062 0.058014 0.137037
3 0.205144 0.613580 0.089713 0.130864
3 0.494916 0.721605 0.079545 0.139506
2 0.489833 0.632099 0.071770 0.130864
1 0.347488 0.640123 0.063397 0.107407
1 0.361543 0.545062 0.060407 0.117284
1 0.401017 0.244444 0.048445 0.106173
1 0.586722 0.395062 0.052632 0.103704
