1 0.350778 0.640123 0.065191 0.107407
1 0.362739 0.551852 0.056818 0.108642
1 0.403409 0.253704 0.053230 0.104938
1 0.584031 0.388889 0.054426 0.106173
2 0.493720 0.629630 0.073565 0.138272
3 0.499402 0.725926 0.078947 0.135802
3 0.210526 0.614815 0.088517 0.145679
4 0.517943 0.248148 0.059809 0.130864
5 0.582835 0.287037 0.073565 0.171605
7 0.433612 0.464815 0.056220 0.112346
7 0.646531 0.558025 0.052632 0.118519
8 0.261663 0.341358 0.066388 0.109877
9 0.573565 0.448148 0.080144 0.153086
10 0.525120 0.174074 0.055024 0.130864
10 0.391746 0.310494 0.068182 0.132099
11 0.221292 0.516667 0.102871 0.176543
