1 0.391746 0.261728 0.049043 0.101235
1 0.366029 0.551235 0.058612 0.100000
1 0.354366 0.641975 0.063995 0.096296
1 0.582835 0.391358 0.048445 0.086420
2 0.494916 0.623457 0.072368 0.123457
3 0.502093 0.711111 0.073565 0.128395
3 0.216208 0.622222 0.083134 0.118519
4 0.510766 0.254321 0.057416 0.130864
5 0.580443 0.291358 0.073565 0.167901
7 0.645036 0.547531 0.055622 0.112346
7 0.435706 0.465432 0.054426 0.106173
8 0.260467 0.349383 0.068780 0.120988
9 0.574163 0.450617 0.072967 0.143210
10 0.519438 0.190123 0.053230 0.116049
10 0.390849 0.324691 0.063995 0.118519
11 0.228469 0.527778 0.101675 0.154321
