1 0.346292 0.202469 0.046651 0.096296
1 0.508074 0.555556 0.055622 0.103704
1 0.582835 0.393210 0.052033 0.102469
1 0.286184 0.718519 0.062799 0.106173
2 0.431519 0.732716 0.071172 0.122222
3 0.704844 0.596914 0.066388 0.154321
4 0.399522 0.235802 0.064593 0.143210
5 0.584031 0.283951 0.068780 0.165432
7 0.431818 0.463580 0.050239 0.127160
7 0.561005 0.640123 0.052632 0.107407
8 0.259868 0.337037 0.066388 0.125926
9 0.726376 0.359877 0.060407 0.161728
10 0.529007 0.172222 0.055622 0.139506
10 0.444677 0.365432 0.065191 0.140741
11 0.361543 0.436420 0.090311 0.176543
3 0.238935 0.456173 0.079545 0.149383
