3 0.249103 0.438889 0.079545 0.141975
3 0.694677 0.604938 0.065191 0.148148
1 0.361842 0.207407 0.040670 0.096296
1 0.284988 0.691358 0.066388 0.113580
1 0.506878 0.554321 0.055622 0.106173
1 0.582835 0.404938 0.050837 0.098765
2 0.427931 0.716667 0.069976 0.122222
4 0.411483 0.249383 0.058612 0.140741
5 0.587919 0.304321 0.072967 0.161728
7 0.436005 0.458025 0.051435 0.108642
7 0.553529 0.629630 0.050837 0.101235
8 0.272727 0.333951 0.063397 0.117284
9 0.723086 0.374691 0.063397 0.151852
10 0.537679 0.191358 0.056220 0.128395
10 0.453050 0.367284 0.059211 0.132099
11 0.371411 0.429012 0.080144 0.166667
