1 0.344498 0.208642 0.049043 0.093827
1 0.508373 0.556790 0.053828 0.108642
1 0.581340 0.393210 0.056220 0.102469
1 0.289175 0.711111 0.062799 0.111111
2 0.434510 0.729012 0.073565 0.124691
3 0.240132 0.457407 0.075957 0.134568
4 0.397428 0.248148 0.060407 0.128395
3 0.704545 0.596914 0.068182 0.144444
5 0.582835 0.285802 0.072368 0.164198
7 0.561304 0.626543 0.050837 0.102469
7 0.434510 0.464198 0.050837 0.113580
8 0.260467 0.339506 0.062799 0.120988
9 0.718600 0.360494 0.061603 0.153086
10 0.525120 0.175926 0.059809 0.137037
10 0.445275 0.367901 0.061603 0.138272
11 0.364234 0.435185 0.086124 0.169136
