1 0.347787 0.201235 0.048445 0.101235
1 0.293660 0.551852 0.059809 0.101235
1 0.506878 0.556790 0.055622 0.118519
1 0.581340 0.394444 0.050239 0.112346
2 0.419557 0.624691 0.069976 0.138272
3 0.718900 0.624074 0.065789 0.154321
4 0.399522 0.240123 0.065789 0.139506
3 0.218301 0.604321 0.086124 0.141975
6 0.266447 0.291358 0.087919 0.175309
7 0.432715 0.461728 0.050837 0.108642
7 0.559510 0.638889 0.052033 0.112346
8 0.299641 0.460494 0.072967 0.130864
9 0.724581 0.358025 0.060407 0.165432
10 0.529605 0.170370 0.061603 0.148148
10 0.447069 0.363580 0.062799 0.139506
12 0.649522 0.511111 0.074163 0.212346
