12 0.642943 0.497531 0.071770 0.177778
10 0.442285 0.385185 0.063995 0.130864
10 0.507476 0.203704 0.058014 0.130864
9 0.706639 0.351235 0.065191 0.137037
8 0.307715 0.483333 0.073565 0.119753
7 0.563995 0.617901 0.053828 0.100000
7 0.433612 0.477160 0.061005 0.122222
6 0.266447 0.339506 0.087919 0.153086
4 0.389055 0.276543 0.063995 0.123457
3 0.242225 0.623457 0.082536 0.133333
3 0.715610 0.585802 0.066388 0.154321
2 0.432416 0.614815 0.072967 0.128395
1 0.511364 0.548765 0.063397 0.097531
1 0.571172 0.393210 0.051435 0.104938
1 0.307117 0.571605 0.068780 0.086420
1 0.339115 0.246914 0.050239 0.093827
