1 0.343900 0.220370 0.052632 0.107407
2 0.426734 0.621605 0.071172 0.132099
1 0.511065 0.550617 0.056818 0.111111
1 0.578050 0.391975 0.047249 0.109877
1 0.300538 0.558025 0.056818 0.091358
3 0.229665 0.612963 0.086124 0.137037
3 0.718301 0.609259 0.068182 0.151852
4 0.395036 0.261111 0.061603 0.129630
6 0.265550 0.311728 0.089713 0.171605
7 0.435108 0.466049 0.056818 0.112346
7 0.563098 0.624691 0.054426 0.118519
8 0.305921 0.471605 0.071172 0.125926
9 0.718002 0.350617 0.065191 0.158025
10 0.517644 0.185802 0.054426 0.132099
10 0.444079 0.377160 0.065191 0.124691
12 0.647428 0.496914 0.068780 0.196296
