1 0.346591 0.201235 0.047249 0.096296
1 0.447967 0.545062 0.056220 0.104938
1 0.424043 0.632099 0.058612 0.103704
1 0.347488 0.622222 0.056220 0.096296
2 0.332835 0.734568 0.077153 0.125926
3 0.196471 0.709259 0.090311 0.129630
4 0.399522 0.243210 0.061005 0.143210
3 0.568481 0.615432 0.073565 0.159259
6 0.267943 0.293210 0.088517 0.174074
7 0.372907 0.472222 0.055622 0.095062
7 0.451555 0.388889 0.052632 0.101235
8 0.234450 0.457407 0.074163 0.134568
9 0.727572 0.359259 0.063995 0.155556
10 0.305323 0.457407 0.072368 0.139506
10 0.530203 0.169753 0.058014 0.134568
12 0.650120 0.510494 0.075359 0.188889
