1 0.351077 0.612346 0.056220 0.106173
1 0.449462 0.542593 0.053230 0.097531
1 0.424641 0.626543 0.057416 0.104938
1 0.358852 0.208025 0.049043 0.097531
2 0.332237 0.719136 0.079545 0.129630
3 0.197967 0.685802 0.090909 0.137037
3 0.568182 0.613580 0.068182 0.155556
4 0.406400 0.247531 0.059211 0.127160
6 0.274222 0.290123 0.077153 0.167901
7 0.375897 0.468519 0.048445 0.104938
7 0.453947 0.392593 0.049043 0.101235
8 0.238337 0.452469 0.075957 0.122222
9 0.724880 0.370988 0.061005 0.149383
10 0.532895 0.187037 0.049043 0.132099
10 0.311005 0.446914 0.063397 0.133333
12 0.644737 0.516667 0.070574 0.176543
