12 0.645634 0.516049 0.075957 0.177778
10 0.311603 0.443827 0.069378 0.144444
9 0.722787 0.375309 0.063995 0.148148
8 0.244318 0.453086 0.073565 0.123457
7 0.456340 0.393827 0.049043 0.098765
7 0.378289 0.467284 0.054426 0.097531
10 0.538876 0.188889 0.051435 0.125926
6 0.276914 0.293210 0.082536 0.164198
4 0.410885 0.250000 0.061005 0.127160
3 0.564892 0.613580 0.067584 0.153086
2 0.333134 0.709259 0.077751 0.129630
3 0.200060 0.679630 0.084330 0.134568
1 0.361842 0.211728 0.045455 0.090123
1 0.448266 0.540741 0.060407 0.096296
1 0.423146 0.619136 0.059211 0.102469
1 0.354964 0.614198 0.060407 0.102469
