1 0.367225 0.458025 0.058612 0.106173
1 0.444079 0.466049 0.054426 0.112346
1 0.478469 0.643210 0.061005 0.111111
2 0.221292 0.624691 0.081340 0.133333
3 0.591507 0.226543 0.062201 0.146914
4 0.291268 0.530864 0.078947 0.135802
6 0.731160 0.355556 0.071172 0.187654
7 0.456340 0.328395 0.053828 0.106173
7 0.530801 0.253704 0.053230 0.119753
8 0.284988 0.195062 0.060407 0.116049
9 0.584330 0.362346 0.066986 0.149383
10 0.272129 0.360494 0.074163 0.140741
10 0.407895 0.179012 0.062201 0.150617
12 0.506579 0.515432 0.086124 0.188889
3 0.654306 0.624074 0.071770 0.149383
1 0.653110 0.553086 0.058612 0.096296
