12 0.500299 0.519136 0.078349 0.176543
10 0.405502 0.195679 0.064593 0.134568
10 0.267943 0.379630 0.069378 0.137037
9 0.584031 0.360494 0.059211 0.150617
8 0.283493 0.209877 0.063397 0.111111
7 0.528110 0.258025 0.051435 0.101235
7 0.451555 0.327778 0.053828 0.112346
6 0.726675 0.344444 0.072967 0.187654
4 0.295455 0.537654 0.076555 0.137037
3 0.587620 0.238272 0.061603 0.138272
3 0.651615 0.614198 0.067584 0.146914
2 0.229665 0.625309 0.078947 0.132099
1 0.368122 0.464198 0.052033 0.103704
1 0.442285 0.470370 0.052033 0.111111
1 0.478170 0.637654 0.056818 0.107407
1 0.654007 0.547531 0.052033 0.109877
