1 0.370813 0.466049 0.056220 0.109877
1 0.445275 0.475926 0.054426 0.102469
1 0.481459 0.634568 0.058612 0.108642
2 0.229665 0.632099 0.080144 0.120988
1 0.651615 0.549383 0.058014 0.096296
3 0.653409 0.617284 0.063995 0.138272
3 0.582536 0.232716 0.063397 0.144444
4 0.297249 0.538889 0.074163 0.124691
6 0.724880 0.346296 0.068182 0.186420
7 0.529007 0.260494 0.049641 0.101235
7 0.453349 0.333333 0.053828 0.096296
8 0.281100 0.211111 0.059809 0.113580
9 0.583732 0.366049 0.066986 0.146914
10 0.272428 0.373457 0.069976 0.129630
10 0.405801 0.195679 0.066388 0.134568
12 0.505383 0.516667 0.087321 0.174074
