1 0.650718 0.549383 0.051435 0.093827
1 0.496112 0.550000 0.056818 0.102469
1 0.446172 0.392593 0.046651 0.108642
1 0.366328 0.456790 0.054426 0.091358
2 0.291866 0.535802 0.076555 0.130864
3 0.580742 0.250000 0.062201 0.149383
3 0.655801 0.630247 0.068780 0.144444
4 0.243122 0.451235 0.071172 0.144444
5 0.715012 0.150000 0.066388 0.176543
6 0.728469 0.353086 0.068182 0.192593
7 0.453349 0.251852 0.047847 0.098765
7 0.384569 0.316667 0.049043 0.097531
8 0.281100 0.193827 0.057416 0.111111
9 0.586722 0.361728 0.070574 0.153086
9 0.727572 0.695679 0.072368 0.166667
10 0.344797 0.240123 0.058014 0.132099
10 0.375897 0.369753 0.067584 0.137037
12 0.500299 0.427160 0.081938 0.190123
