3 0.651615 0.622222 0.062799 0.138272
1 0.651914 0.537654 0.050239 0.097531
1 0.498206 0.546296 0.058612 0.107407
1 0.446770 0.399383 0.049043 0.100000
1 0.368720 0.464198 0.053230 0.103704
2 0.294856 0.537654 0.072967 0.124691
3 0.578050 0.256173 0.067584 0.149383
4 0.243720 0.459259 0.069976 0.145679
5 0.711722 0.148148 0.069378 0.172840
6 0.728469 0.338889 0.074163 0.198765
7 0.455144 0.258642 0.045455 0.097531
7 0.382476 0.324074 0.052033 0.095062
8 0.280203 0.197531 0.062799 0.125926
9 0.727871 0.701852 0.069378 0.156790
9 0.586124 0.363580 0.063397 0.161728
10 0.345993 0.246296 0.060407 0.137037
10 0.380084 0.375926 0.063995 0.141975
12 0.503289 0.441975 0.079545 0.172840
