12 0.502392 0.432716 0.082536 0.188889
10 0.348385 0.240123 0.062799 0.129630
9 0.724581 0.701235 0.071172 0.162963
9 0.588816 0.365432 0.072368 0.160494
8 0.285586 0.196914 0.059211 0.122222
10 0.380383 0.375309 0.066986 0.143210
7 0.455144 0.254938 0.050239 0.095062
7 0.391447 0.322840 0.050837 0.087654
6 0.729964 0.348765 0.072368 0.191358
5 0.717703 0.154321 0.064593 0.175309
4 0.244019 0.450000 0.069378 0.134568
3 0.580742 0.254938 0.065789 0.146914
2 0.290670 0.538272 0.070574 0.125926
1 0.368122 0.458642 0.054426 0.097531
1 0.446471 0.395062 0.052033 0.106173
1 0.497907 0.548148 0.063995 0.113580
1 0.649821 0.551852 0.053230 0.103704
3 0.653409 0.629012 0.067584 0.134568
