1 0.365431 0.458025 0.053828 0.096296
1 0.516447 0.455556 0.053230 0.108642
1 0.559809 0.562963 0.056220 0.106173
1 0.659988 0.445062 0.058014 0.119753
2 0.281400 0.635802 0.078349 0.130864
3 0.340311 0.707407 0.086124 0.143210
3 0.580144 0.251852 0.066986 0.167901
4 0.295156 0.527778 0.077153 0.141975
5 0.474282 0.165432 0.074163 0.162963
6 0.649522 0.604938 0.081340 0.187654
7 0.386065 0.384568 0.052033 0.104938
7 0.458134 0.322222 0.055024 0.103704
8 0.257775 0.322840 0.065789 0.119753
9 0.415371 0.618519 0.085526 0.158025
9 0.585825 0.366049 0.067584 0.156790
10 0.348086 0.243210 0.062201 0.135802
10 0.240730 0.383951 0.072368 0.135802
12 0.425239 0.506173 0.092105 0.182716
