1 0.367823 0.469753 0.057416 0.102469
1 0.513158 0.456173 0.052632 0.109877
1 0.558014 0.551852 0.055024 0.108642
1 0.655502 0.441975 0.047847 0.106173
2 0.289175 0.638889 0.080742 0.129630
3 0.350778 0.712346 0.087919 0.143210
3 0.572368 0.260494 0.065789 0.138272
4 0.299940 0.538889 0.071172 0.139506
5 0.468301 0.181481 0.074163 0.150617
6 0.651017 0.598148 0.078349 0.179012
7 0.458433 0.333951 0.053230 0.104938
7 0.382775 0.400617 0.056220 0.102469
8 0.260766 0.343210 0.065789 0.123457
9 0.421352 0.615432 0.075957 0.146914
9 0.584031 0.369753 0.067584 0.164198
10 0.244916 0.403704 0.072368 0.135802
10 0.343600 0.256790 0.066388 0.145679
12 0.430024 0.513580 0.088517 0.170370
