12 0.427033 0.514198 0.089713 0.169136
10 0.243122 0.389506 0.075957 0.139506
10 0.345395 0.245679 0.062799 0.135802
9 0.585227 0.364815 0.063995 0.149383
9 0.420455 0.618519 0.088517 0.158025
8 0.259270 0.330864 0.066388 0.113580
7 0.382177 0.387654 0.052632 0.111111
7 0.459031 0.327778 0.053230 0.114815
6 0.648624 0.601235 0.071172 0.180247
5 0.474581 0.171605 0.072368 0.155556
4 0.299043 0.532099 0.075359 0.140741
3 0.576854 0.254938 0.065191 0.151852
2 0.284091 0.636420 0.076555 0.124691
3 0.344498 0.714198 0.084928 0.156790
1 0.515251 0.453086 0.050837 0.113580
1 0.560706 0.554321 0.053230 0.103704
1 0.658194 0.446914 0.053230 0.111111
1 0.365132 0.460494 0.052033 0.106173
