1 0.366627 0.460494 0.057416 0.106173
1 0.516447 0.453086 0.055622 0.103704
1 0.573864 0.547531 0.055622 0.114815
1 0.661782 0.448148 0.050837 0.113580
2 0.212919 0.535185 0.072967 0.132099
3 0.329545 0.309259 0.071770 0.139506
3 0.565789 0.711111 0.078947 0.160494
4 0.216507 0.720370 0.082536 0.134568
5 0.446471 0.358642 0.080742 0.174074
6 0.592404 0.159877 0.068780 0.176543
7 0.461124 0.317284 0.046651 0.108642
7 0.384569 0.393827 0.047847 0.103704
8 0.277512 0.528395 0.070574 0.128395
9 0.418660 0.622222 0.078947 0.170370
10 0.345096 0.240741 0.065789 0.138272
10 0.243421 0.401235 0.071770 0.143210
12 0.334031 0.603086 0.110646 0.174074
9 0.725179 0.299383 0.060407 0.146914
