9 0.723086 0.324691 0.061005 0.150617
12 0.336423 0.585185 0.087919 0.158025
10 0.260766 0.384568 0.063397 0.132099
10 0.363038 0.246296 0.053828 0.122222
9 0.417165 0.601852 0.073565 0.139506
8 0.291866 0.508025 0.075359 0.132099
7 0.471890 0.327778 0.041866 0.104938
6 0.601974 0.188272 0.065191 0.171605
5 0.455742 0.361728 0.075359 0.158025
4 0.220096 0.679630 0.080144 0.129630
3 0.550837 0.708642 0.071770 0.148148
3 0.346591 0.311111 0.067584 0.128395
2 0.223983 0.510494 0.067584 0.117284
1 0.373804 0.454321 0.055024 0.096296
1 0.517943 0.452469 0.047847 0.102469
1 0.566986 0.552469 0.055024 0.104938
1 0.654306 0.459877 0.049043 0.117284
7 0.392644 0.388889 0.053230 0.098765
