1 0.516447 0.457407 0.050837 0.107407
1 0.572368 0.547531 0.057416 0.112346
1 0.662978 0.446296 0.052033 0.124691
1 0.366328 0.461111 0.053230 0.104938
2 0.215012 0.531481 0.074761 0.134568
3 0.330443 0.308642 0.067584 0.130864
3 0.564593 0.720988 0.078947 0.153086
4 0.216507 0.717901 0.084928 0.124691
5 0.447967 0.358642 0.082536 0.164198
6 0.591806 0.158642 0.069976 0.171605
7 0.467703 0.326543 0.050239 0.117284
7 0.381280 0.387037 0.056818 0.109877
8 0.278110 0.531481 0.070574 0.122222
9 0.416268 0.620370 0.074163 0.146914
9 0.724880 0.296914 0.058612 0.144444
10 0.247608 0.395679 0.077751 0.137037
10 0.344199 0.245062 0.065191 0.119753
12 0.334031 0.608642 0.099880 0.175309
