1 0.659689 0.445679 0.051435 0.113580
1 0.572368 0.541358 0.059809 0.112346
1 0.515849 0.456790 0.054426 0.108642
1 0.366328 0.458642 0.058014 0.097531
2 0.721591 0.724691 0.061603 0.135802
3 0.236842 0.446296 0.082536 0.144444
3 0.651914 0.606790 0.069378 0.164198
4 0.279904 0.621605 0.081340 0.139506
5 0.448565 0.358642 0.087321 0.164198
6 0.591806 0.154321 0.068780 0.182716
7 0.383971 0.387654 0.052632 0.116049
8 0.581041 0.306173 0.062799 0.138272
9 0.436603 0.451235 0.081340 0.144444
10 0.738038 0.629630 0.057416 0.140741
9 0.724880 0.291975 0.062201 0.161728
10 0.275120 0.305556 0.066986 0.134568
12 0.406998 0.695062 0.098684 0.182716
7 0.462321 0.318519 0.045455 0.103704
