1 0.570873 0.547531 0.054426 0.109877
1 0.517045 0.456173 0.048445 0.104938
1 0.658493 0.444444 0.051435 0.120988
1 0.366926 0.456173 0.056818 0.102469
2 0.725478 0.726543 0.064593 0.129630
3 0.649821 0.615432 0.072368 0.156790
3 0.237440 0.453086 0.087321 0.135802
4 0.279605 0.621605 0.078349 0.134568
5 0.447667 0.360494 0.085526 0.172840
6 0.590909 0.158642 0.068182 0.174074
7 0.463517 0.314815 0.047847 0.108642
7 0.382775 0.391358 0.050239 0.120988
8 0.579545 0.306173 0.059809 0.123457
9 0.720694 0.291975 0.066986 0.156790
9 0.432715 0.444444 0.083134 0.155556
10 0.275718 0.304321 0.064593 0.132099
10 0.734151 0.629630 0.061603 0.140741
12 0.408194 0.695062 0.098684 0.182716
