12 0.414773 0.695062 0.097488 0.165432
10 0.734450 0.619136 0.057416 0.139506
10 0.274222 0.321605 0.069976 0.127160
9 0.713517 0.289506 0.061005 0.154321
9 0.434510 0.454938 0.078349 0.137037
8 0.570873 0.307407 0.061603 0.133333
7 0.383373 0.401235 0.049043 0.113580
6 0.582536 0.162963 0.072967 0.177778
5 0.445873 0.364198 0.083134 0.160494
4 0.287380 0.627160 0.075957 0.140741
3 0.244916 0.465432 0.080742 0.138272
3 0.650718 0.605556 0.069378 0.151852
2 0.722189 0.705556 0.060407 0.127160
1 0.657596 0.441358 0.050837 0.114815
1 0.571770 0.544444 0.056220 0.101235
1 0.514055 0.456790 0.050837 0.106173
1 0.369019 0.465432 0.058612 0.096296
7 0.458134 0.325926 0.046651 0.106173
