1 0.373804 0.462963 0.056220 0.116049
1 0.443780 0.399383 0.050239 0.102469
1 0.507177 0.390123 0.051435 0.103704
1 0.581938 0.383951 0.058612 0.116049
2 0.577751 0.630247 0.066986 0.129630
3 0.723983 0.522222 0.068780 0.160494
3 0.237141 0.453086 0.080742 0.128395
4 0.279904 0.621605 0.077751 0.134568
5 0.345694 0.169136 0.078947 0.150617
6 0.591507 0.156790 0.069378 0.180247
7 0.471591 0.190741 0.049641 0.107407
7 0.400718 0.259877 0.049043 0.104938
8 0.581639 0.301235 0.061603 0.130864
9 0.724581 0.292593 0.068780 0.153086
10 0.654904 0.440741 0.061005 0.143210
10 0.272727 0.306790 0.068182 0.144444
9 0.454246 0.293210 0.068780 0.149383
12 0.497608 0.519136 0.084928 0.176543
