12 0.499402 0.520370 0.087321 0.164198
10 0.276615 0.337037 0.066388 0.118519
10 0.647129 0.436420 0.059809 0.141975
9 0.443182 0.315432 0.074163 0.134568
9 0.705144 0.290123 0.068182 0.148148
8 0.568481 0.310494 0.055622 0.122222
7 0.458134 0.214815 0.051435 0.101235
7 0.393840 0.283951 0.046053 0.103704
6 0.572967 0.172840 0.065789 0.170370
5 0.338218 0.207407 0.078349 0.145679
4 0.293361 0.627160 0.079545 0.125926
3 0.246411 0.470988 0.081340 0.127160
3 0.717105 0.501852 0.062201 0.151852
2 0.579844 0.613580 0.067584 0.125926
1 0.377392 0.474691 0.053828 0.100000
1 0.440789 0.406173 0.055024 0.098765
1 0.500598 0.394444 0.053828 0.109877
1 0.571770 0.386420 0.057416 0.101235
