1 0.373804 0.464815 0.056220 0.119753
1 0.443780 0.398765 0.053828 0.106173
1 0.506280 0.390123 0.055622 0.118519
1 0.578648 0.378395 0.055622 0.104938
2 0.579545 0.623457 0.068182 0.133333
3 0.722488 0.521605 0.069378 0.156790
3 0.238935 0.456173 0.084330 0.139506
4 0.282895 0.619753 0.076555 0.138272
5 0.342404 0.182099 0.080742 0.151852
6 0.587321 0.162346 0.065789 0.176543
7 0.466507 0.193210 0.047847 0.102469
7 0.398325 0.266667 0.049043 0.108642
8 0.576555 0.300617 0.051435 0.117284
9 0.718301 0.290123 0.066986 0.155556
9 0.446770 0.301235 0.074163 0.140741
10 0.650718 0.437654 0.057416 0.149383
10 0.274522 0.315432 0.068182 0.129630
12 0.499701 0.524691 0.079545 0.175309
