1 0.233254 0.469136 0.057416 0.101235
1 0.310706 0.396914 0.054426 0.104938
1 0.375299 0.383951 0.055622 0.108642
1 0.581340 0.378395 0.052632 0.114815
2 0.578947 0.629630 0.066986 0.143210
3 0.423445 0.625926 0.072967 0.158025
3 0.724581 0.523457 0.071172 0.153086
4 0.359450 0.539506 0.071770 0.143210
5 0.273923 0.237037 0.088517 0.162963
6 0.450359 0.283333 0.078947 0.181481
7 0.473086 0.185185 0.049043 0.113580
7 0.402213 0.261111 0.048445 0.109877
8 0.581041 0.299383 0.061603 0.124691
9 0.723983 0.296914 0.065191 0.159259
9 0.511065 0.367284 0.073565 0.166667
10 0.436902 0.446914 0.069976 0.155556
10 0.654605 0.438272 0.063995 0.148148
12 0.500299 0.519753 0.085526 0.177778
