1 0.237440 0.464815 0.059809 0.109877
1 0.310407 0.393210 0.053828 0.107407
1 0.376196 0.383333 0.053828 0.117284
1 0.582536 0.375926 0.055024 0.114815
2 0.581041 0.626543 0.074761 0.146914
3 0.724880 0.525926 0.071770 0.162963
3 0.420754 0.619753 0.074761 0.155556
4 0.363636 0.534568 0.077751 0.140741
5 0.275718 0.237654 0.082536 0.161728
6 0.447069 0.279630 0.079545 0.186420
7 0.471890 0.190741 0.049043 0.102469
7 0.401615 0.262963 0.054426 0.116049
8 0.584031 0.302469 0.060407 0.128395
9 0.720993 0.290123 0.066388 0.148148
9 0.510167 0.366049 0.075359 0.156790
10 0.438397 0.448148 0.068182 0.148148
10 0.653110 0.442593 0.061005 0.141975
12 0.497309 0.519753 0.085526 0.185185
