12 0.498804 0.519136 0.089713 0.176543
10 0.438098 0.454938 0.067584 0.149383
10 0.651017 0.439506 0.065191 0.148148
9 0.717703 0.294444 0.063397 0.159259
9 0.506579 0.368519 0.071770 0.151852
7 0.465311 0.201852 0.047847 0.104938
7 0.399222 0.272222 0.053230 0.107407
6 0.445574 0.291358 0.077751 0.177778
5 0.273624 0.256173 0.085526 0.159259
4 0.363636 0.542593 0.074163 0.134568
3 0.720395 0.513580 0.067584 0.148148
3 0.424641 0.620370 0.074163 0.151852
2 0.578648 0.620370 0.067584 0.139506
1 0.580144 0.385185 0.052632 0.101235
1 0.241926 0.474691 0.060407 0.104938
1 0.312201 0.403704 0.055024 0.111111
1 0.375000 0.393827 0.055024 0.103704
8 0.575060 0.304938 0.060407 0.135802
