1 0.236244 0.469753 0.062201 0.109877
1 0.319079 0.448148 0.060407 0.113580
1 0.581639 0.379630 0.050837 0.114815
2 0.579844 0.627778 0.066388 0.144444
3 0.725778 0.298148 0.061603 0.146914
4 0.360048 0.540123 0.072967 0.134568
5 0.326555 0.296296 0.084928 0.165432
6 0.444677 0.349383 0.084330 0.187654
7 0.469498 0.190123 0.047847 0.108642
8 0.654306 0.237037 0.059809 0.133333
9 0.716806 0.176543 0.058014 0.138272
9 0.273624 0.620988 0.093900 0.140741
10 0.655203 0.438889 0.062799 0.151852
10 0.531100 0.293827 0.061005 0.135802
11 0.500000 0.522222 0.088517 0.175309
12 0.526914 0.154938 0.072967 0.181481
