1 0.578349 0.379012 0.051435 0.111111
1 0.244617 0.480247 0.058612 0.098765
1 0.323565 0.461728 0.056220 0.103704
2 0.580742 0.616667 0.069378 0.144444
3 0.715311 0.291358 0.065789 0.145679
4 0.364234 0.541358 0.072967 0.144444
5 0.327751 0.308025 0.083732 0.166667
6 0.442584 0.354938 0.083732 0.181481
7 0.466507 0.200000 0.053828 0.111111
8 0.642344 0.239506 0.059809 0.128395
9 0.709031 0.181481 0.066388 0.143210
9 0.273624 0.617284 0.091507 0.153086
10 0.650419 0.437037 0.060407 0.140741
10 0.529007 0.302469 0.056818 0.140741
12 0.514354 0.166049 0.063397 0.171605
11 0.501794 0.522222 0.078947 0.170370
