1 0.583134 0.393827 0.051435 0.098765
1 0.248804 0.448765 0.053828 0.095062
1 0.329545 0.442593 0.055024 0.102469
2 0.569976 0.624691 0.059809 0.128395
3 0.723086 0.327778 0.063397 0.144444
4 0.365730 0.526543 0.069976 0.127160
5 0.344199 0.300000 0.078349 0.153086
6 0.453050 0.356173 0.077153 0.179012
7 0.486244 0.211111 0.045455 0.113580
8 0.657596 0.268519 0.054426 0.129630
9 0.720993 0.220988 0.059211 0.130864
10 0.539175 0.318519 0.059211 0.130864
10 0.648325 0.456173 0.059809 0.146914
11 0.499103 0.523457 0.077153 0.160494
12 0.540371 0.187037 0.065191 0.164198
9 0.273026 0.588272 0.085526 0.139506
