1 0.234749 0.469753 0.060407 0.102469
1 0.291866 0.545062 0.063397 0.100000
1 0.580742 0.382099 0.051435 0.109877
2 0.715909 0.624074 0.064593 0.144444
3 0.726077 0.291975 0.064593 0.156790
4 0.442584 0.443210 0.069378 0.150617
5 0.334629 0.233333 0.084330 0.170370
6 0.518541 0.277160 0.077751 0.186420
7 0.401017 0.317901 0.056818 0.112346
8 0.651615 0.237037 0.055622 0.128395
9 0.715909 0.172840 0.059809 0.143210
9 0.347189 0.622840 0.089115 0.134568
10 0.655502 0.442593 0.065789 0.151852
10 0.739234 0.440123 0.059809 0.144444
11 0.568780 0.522222 0.078947 0.175309
12 0.468900 0.164815 0.071770 0.171605
