1 0.238337 0.474074 0.053230 0.093827
1 0.294258 0.553086 0.059809 0.111111
1 0.581041 0.374691 0.053230 0.112346
2 0.715311 0.620370 0.062201 0.141975
3 0.720096 0.298148 0.068182 0.141975
4 0.440191 0.449383 0.070574 0.150617
5 0.332536 0.243827 0.084928 0.151852
6 0.515849 0.278395 0.079545 0.176543
7 0.399222 0.322840 0.053230 0.107407
8 0.648923 0.243210 0.055024 0.140741
9 0.712321 0.190123 0.064593 0.148148
9 0.350778 0.620988 0.085526 0.135802
10 0.653409 0.440741 0.062799 0.138272
10 0.734450 0.438889 0.062201 0.144444
11 0.566388 0.520988 0.084928 0.170370
12 0.463517 0.169136 0.071770 0.172840
