1 0.580443 0.383951 0.052033 0.106173
1 0.239234 0.464815 0.058612 0.097531
1 0.296950 0.543210 0.060407 0.101235
2 0.710825 0.629630 0.061603 0.135802
3 0.724581 0.301235 0.065191 0.140741
4 0.445275 0.448148 0.071172 0.145679
5 0.340610 0.237037 0.084330 0.150617
6 0.520335 0.280247 0.074163 0.185185
7 0.403708 0.319136 0.056220 0.109877
8 0.653708 0.248148 0.051435 0.135802
10 0.654007 0.450617 0.060407 0.138272
10 0.734749 0.451235 0.061603 0.154321
11 0.568182 0.520988 0.080144 0.175309
12 0.468301 0.166667 0.065789 0.170370
9 0.717105 0.189506 0.061005 0.137037
9 0.347488 0.613580 0.086124 0.143210
