1 0.293660 0.550000 0.062201 0.114815
1 0.313397 0.383951 0.057416 0.101235
1 0.512560 0.309259 0.050239 0.104938
2 0.633373 0.629630 0.065789 0.138272
3 0.723086 0.296914 0.070574 0.154321
4 0.189593 0.696914 0.090909 0.137037
5 0.334928 0.232099 0.081340 0.160494
6 0.575359 0.432099 0.084928 0.197531
7 0.401316 0.317901 0.051435 0.109877
8 0.293062 0.188889 0.055024 0.118519
9 0.364833 0.441358 0.072967 0.149383
9 0.717105 0.168519 0.057416 0.137037
10 0.403110 0.713580 0.078947 0.133333
10 0.716507 0.441975 0.062201 0.145679
11 0.433911 0.525309 0.085526 0.176543
12 0.467703 0.162346 0.074163 0.171605
