1 0.294258 0.542593 0.061005 0.104938
1 0.313098 0.384568 0.050837 0.102469
1 0.514354 0.312346 0.052632 0.101235
2 0.632775 0.629012 0.063397 0.139506
3 0.725478 0.300617 0.064593 0.146914
4 0.192584 0.686420 0.084928 0.135802
5 0.339713 0.235185 0.076555 0.161728
6 0.576854 0.432099 0.081938 0.187654
7 0.405502 0.317901 0.052632 0.104938
8 0.298744 0.195062 0.055622 0.120988
9 0.365730 0.438272 0.072368 0.143210
9 0.716507 0.183333 0.063397 0.134568
10 0.404605 0.713580 0.074761 0.125926
10 0.715311 0.447531 0.066986 0.151852
11 0.434809 0.519753 0.087321 0.172840
12 0.468900 0.161728 0.068182 0.177778
