12 0.472488 0.172222 0.064593 0.159259
11 0.437799 0.516049 0.077751 0.170370
10 0.711722 0.450617 0.058612 0.145679
10 0.401017 0.709259 0.072368 0.127160
9 0.369318 0.438272 0.068780 0.140741
9 0.720096 0.198148 0.061005 0.141975
8 0.304725 0.195062 0.054426 0.111111
7 0.406100 0.324691 0.052632 0.106173
6 0.575060 0.436420 0.081938 0.186420
5 0.340909 0.238272 0.074163 0.162963
4 0.194079 0.673457 0.087919 0.132099
3 0.723684 0.312346 0.063397 0.148148
2 0.626196 0.632099 0.059809 0.130864
1 0.297847 0.540123 0.058612 0.104938
1 0.317883 0.386420 0.054426 0.106173
1 0.518242 0.317284 0.049641 0.111111
