1 0.512261 0.309259 0.049641 0.107407
1 0.373206 0.461728 0.057416 0.108642
1 0.291866 0.549383 0.063397 0.113580
2 0.649821 0.528395 0.066388 0.145679
3 0.713816 0.227160 0.071172 0.150617
4 0.233852 0.458642 0.074163 0.137037
5 0.329844 0.235185 0.080742 0.151852
6 0.508672 0.430247 0.086722 0.183951
7 0.397727 0.321605 0.049043 0.104938
8 0.292464 0.195679 0.056220 0.112346
9 0.443780 0.355556 0.070574 0.155556
9 0.713218 0.170988 0.062799 0.134568
10 0.404007 0.714198 0.075957 0.129630
10 0.497907 0.539506 0.067584 0.145679
11 0.372907 0.364198 0.079545 0.172840
12 0.467404 0.161728 0.071172 0.167901
