12 0.481160 0.181481 0.067584 0.155556
11 0.381579 0.364815 0.078947 0.156790
10 0.495215 0.535185 0.062201 0.134568
10 0.399821 0.697531 0.072368 0.125926
9 0.452452 0.364198 0.063995 0.140741
9 0.719498 0.202469 0.059809 0.123457
8 0.310706 0.195679 0.050837 0.114815
7 0.413577 0.324691 0.049641 0.108642
6 0.510467 0.431481 0.080742 0.181481
5 0.347488 0.238889 0.077751 0.144444
4 0.247010 0.446296 0.074163 0.137037
3 0.715610 0.258642 0.059211 0.134568
2 0.643541 0.530864 0.059809 0.135802
1 0.299641 0.529012 0.061005 0.100000
1 0.378289 0.456790 0.049641 0.101235
1 0.518541 0.322222 0.049043 0.103704
