1 0.374402 0.468519 0.056220 0.104938
1 0.301136 0.554321 0.056818 0.093827
1 0.509270 0.320988 0.054426 0.108642
2 0.647428 0.520370 0.058014 0.129630
3 0.698864 0.233333 0.065191 0.135802
4 0.239533 0.473457 0.074761 0.124691
5 0.328349 0.258642 0.083732 0.154321
6 0.504785 0.434568 0.087321 0.177778
7 0.398325 0.332099 0.051435 0.108642
8 0.287380 0.216667 0.055622 0.119753
9 0.699761 0.168519 0.061005 0.134568
9 0.443481 0.367901 0.061603 0.150617
10 0.410885 0.705556 0.075359 0.124691
10 0.499402 0.537037 0.066986 0.128395
11 0.375299 0.381481 0.086722 0.160494
12 0.454844 0.178395 0.072368 0.166667
