1 0.514952 0.311111 0.053828 0.108642
1 0.310407 0.463580 0.051435 0.117284
1 0.279904 0.632716 0.063397 0.109877
2 0.650718 0.529012 0.064593 0.137037
3 0.580742 0.293827 0.065789 0.150617
4 0.206639 0.611728 0.084330 0.134568
5 0.427931 0.519136 0.091507 0.171605
6 0.388756 0.276543 0.084928 0.182716
7 0.443780 0.387037 0.053828 0.109877
8 0.295754 0.193210 0.062799 0.119753
9 0.594797 0.222222 0.056818 0.145679
9 0.356459 0.524691 0.078947 0.153086
10 0.500299 0.535185 0.068780 0.134568
10 0.491029 0.630247 0.072967 0.132099
11 0.252990 0.365432 0.088517 0.170370
12 0.466806 0.159259 0.071172 0.170370
