1 0.283194 0.635802 0.063995 0.108642
1 0.313397 0.470988 0.051435 0.117284
1 0.510467 0.312963 0.049641 0.104938
2 0.648325 0.525309 0.058612 0.137037
3 0.578349 0.301235 0.071770 0.143210
4 0.209031 0.617284 0.085526 0.138272
5 0.427333 0.525926 0.093900 0.167901
6 0.384569 0.283951 0.083732 0.185185
7 0.444378 0.396296 0.053828 0.111111
8 0.293959 0.206173 0.061603 0.113580
9 0.585227 0.228395 0.056818 0.150617
9 0.357356 0.527778 0.075957 0.154321
10 0.502990 0.536420 0.066986 0.139506
10 0.492225 0.619753 0.074163 0.135802
11 0.253289 0.374074 0.087919 0.165432
12 0.462022 0.167284 0.069976 0.174074
