12 0.449761 0.197531 0.074163 0.148148
11 0.258672 0.404938 0.087919 0.145679
10 0.504187 0.533333 0.065789 0.125926
10 0.497907 0.619136 0.072368 0.122222
9 0.368122 0.539506 0.085526 0.143210
9 0.573565 0.242593 0.059809 0.134568
8 0.288876 0.244444 0.059809 0.106173
7 0.441687 0.409259 0.054426 0.090123
6 0.382775 0.311728 0.087321 0.156790
5 0.432117 0.529012 0.085526 0.154321
4 0.230263 0.629012 0.082536 0.122222
3 0.563397 0.311111 0.069378 0.138272
2 0.643242 0.510494 0.058014 0.127160
1 0.502691 0.331481 0.048445 0.097531
1 0.321172 0.490123 0.049043 0.106173
1 0.300239 0.638272 0.065789 0.108642
