1 0.279605 0.634568 0.065191 0.113580
1 0.389055 0.326543 0.053230 0.107407
1 0.513457 0.306173 0.052033 0.113580
1 0.660885 0.463580 0.056220 0.107407
2 0.738337 0.536420 0.063995 0.139506
3 0.579545 0.296296 0.066986 0.155556
4 0.267344 0.314815 0.069378 0.140741
5 0.511663 0.432099 0.084330 0.172840
6 0.441089 0.350000 0.079545 0.191358
7 0.438696 0.465432 0.054426 0.108642
7 0.735048 0.459259 0.046651 0.113580
9 0.651914 0.536420 0.071770 0.151852
9 0.593900 0.222840 0.057416 0.151852
10 0.660586 0.364815 0.058014 0.151852
10 0.357356 0.538272 0.075957 0.143210
11 0.296651 0.461728 0.090909 0.180247
12 0.468900 0.162963 0.074163 0.172840
