1 0.386663 0.337037 0.053230 0.103704
1 0.510766 0.319136 0.045455 0.104938
1 0.657297 0.451235 0.055024 0.102469
1 0.290072 0.639506 0.065789 0.111111
2 0.732955 0.527160 0.058014 0.133333
3 0.574462 0.300617 0.069976 0.149383
4 0.266447 0.329630 0.068780 0.133333
5 0.509569 0.433333 0.081340 0.170370
6 0.439294 0.356790 0.083134 0.187654
7 0.440789 0.470988 0.056220 0.112346
7 0.732057 0.448765 0.049043 0.112346
9 0.651316 0.528395 0.066986 0.148148
9 0.585825 0.226543 0.058014 0.144444
10 0.363636 0.541975 0.072967 0.135802
10 0.654306 0.367284 0.056220 0.166667
11 0.295754 0.467901 0.080742 0.170370
12 0.461722 0.179630 0.072967 0.171605
