1 0.384270 0.335185 0.053230 0.109877
1 0.506579 0.319753 0.049043 0.096296
1 0.292464 0.640741 0.063397 0.098765
1 0.652512 0.454321 0.053828 0.108642
2 0.733254 0.523457 0.064593 0.135802
3 0.573266 0.301235 0.067584 0.138272
4 0.266746 0.333333 0.069378 0.138272
5 0.508074 0.438889 0.083134 0.161728
6 0.438696 0.367284 0.078349 0.171605
7 0.439593 0.472840 0.057416 0.108642
7 0.729366 0.443210 0.050837 0.108642
9 0.581340 0.233333 0.056220 0.138272
9 0.648923 0.524691 0.062201 0.143210
10 0.366029 0.547531 0.072967 0.137037
10 0.649222 0.367901 0.059211 0.150617
11 0.301734 0.470988 0.084330 0.154321
12 0.453349 0.182099 0.068182 0.154321
