1 0.495215 0.541358 0.057416 0.107407
1 0.397428 0.316667 0.052033 0.104938
1 0.514653 0.307407 0.048445 0.101235
1 0.659390 0.459259 0.055622 0.111111
2 0.738038 0.531481 0.062201 0.137037
3 0.583134 0.229630 0.065789 0.143210
4 0.264055 0.308642 0.073565 0.143210
5 0.364833 0.438272 0.095694 0.167901
6 0.715012 0.146296 0.066388 0.181481
7 0.735945 0.456790 0.050837 0.116049
7 0.436902 0.462346 0.054426 0.119753
9 0.729366 0.298765 0.059211 0.150617
9 0.653110 0.530864 0.068182 0.150617
10 0.377691 0.380864 0.062799 0.134568
10 0.651914 0.301235 0.062201 0.140741
11 0.456340 0.226543 0.072967 0.171605
12 0.572967 0.433951 0.076555 0.186420
