12 0.571172 0.431481 0.077751 0.176543
11 0.453947 0.223457 0.076555 0.158025
10 0.648624 0.301235 0.055622 0.140741
10 0.380981 0.385802 0.061005 0.117284
9 0.724880 0.293210 0.062201 0.149383
9 0.651017 0.529630 0.073565 0.148148
7 0.732656 0.451852 0.050239 0.116049
7 0.436005 0.459259 0.053828 0.113580
6 0.713218 0.143210 0.065191 0.177778
5 0.364533 0.440741 0.091507 0.172840
4 0.266447 0.315432 0.065191 0.132099
3 0.580144 0.233951 0.065789 0.149383
2 0.734151 0.529630 0.058014 0.130864
1 0.658792 0.461111 0.053230 0.104938
1 0.493720 0.543827 0.055622 0.109877
1 0.511962 0.312346 0.049043 0.111111
1 0.397129 0.327778 0.053828 0.102469
