1 0.403110 0.324074 0.050239 0.095062
1 0.515251 0.319753 0.047249 0.103704
1 0.491627 0.546296 0.055024 0.104938
1 0.656998 0.465432 0.053230 0.116049
2 0.731758 0.535802 0.060407 0.135802
3 0.584928 0.238889 0.063397 0.137037
4 0.273026 0.311728 0.060407 0.127160
5 0.367823 0.434568 0.087321 0.158025
6 0.717105 0.165432 0.065789 0.172840
7 0.438397 0.462963 0.049043 0.111111
7 0.731758 0.463580 0.048445 0.117284
9 0.726675 0.304938 0.061005 0.148148
9 0.646232 0.537037 0.068780 0.148148
10 0.652213 0.310494 0.056818 0.129630
11 0.460227 0.222840 0.066388 0.164198
12 0.571770 0.445062 0.071770 0.166667
