12 0.212022 0.525309 0.101077 0.169136
11 0.339414 0.226543 0.081938 0.159259
10 0.372608 0.453704 0.069378 0.129630
9 0.507177 0.374074 0.072967 0.145679
9 0.334330 0.710494 0.092105 0.141975
10 0.653409 0.297531 0.060407 0.140741
7 0.438995 0.459877 0.058612 0.119753
7 0.364234 0.553704 0.057416 0.104938
6 0.716806 0.148765 0.066388 0.183951
5 0.293361 0.439506 0.092703 0.170370
4 0.249701 0.374691 0.060407 0.137037
3 0.575060 0.441975 0.075957 0.155556
2 0.273923 0.625926 0.074163 0.130864
1 0.386663 0.389506 0.050837 0.107407
1 0.453947 0.314198 0.052632 0.112346
1 0.417165 0.637037 0.060407 0.108642
1 0.658792 0.456790 0.053230 0.120988
