1 0.649522 0.446914 0.049043 0.101235
1 0.447069 0.341975 0.048445 0.098765
1 0.387859 0.414198 0.049641 0.095062
1 0.428529 0.630247 0.062799 0.100000
2 0.296651 0.636420 0.076555 0.114815
3 0.565490 0.443210 0.075957 0.140741
4 0.259569 0.422840 0.065789 0.117284
5 0.305323 0.467284 0.092703 0.146914
6 0.684211 0.159877 0.063397 0.164198
7 0.440191 0.469753 0.056220 0.104938
7 0.375000 0.562346 0.053828 0.102469
9 0.356459 0.709877 0.082536 0.125926
9 0.498206 0.382099 0.070574 0.132099
10 0.632476 0.299383 0.053230 0.132099
10 0.377691 0.470370 0.068780 0.128395
11 0.334031 0.272840 0.080742 0.145679
12 0.229964 0.554938 0.098684 0.164198
