12 0.213517 0.529630 0.101675 0.175309
11 0.337919 0.235185 0.080144 0.154321
10 0.646531 0.301235 0.056220 0.135802
10 0.375598 0.458642 0.069378 0.137037
9 0.505981 0.375309 0.076555 0.150617
9 0.335526 0.709877 0.090909 0.143210
7 0.437500 0.466049 0.055622 0.112346
7 0.367225 0.551235 0.059809 0.107407
6 0.711124 0.148765 0.070574 0.186420
5 0.297249 0.443827 0.092105 0.169136
4 0.251794 0.387037 0.068182 0.139506
3 0.572667 0.442593 0.072368 0.151852
2 0.278110 0.625309 0.078947 0.132099
1 0.419856 0.636420 0.059809 0.102469
1 0.388158 0.393827 0.049043 0.108642
1 0.453050 0.323457 0.054426 0.106173
1 0.660287 0.454321 0.052632 0.118519
