1 0.660885 0.455556 0.055024 0.103704
1 0.454545 0.319136 0.051435 0.104938
1 0.357955 0.550000 0.059211 0.109877
1 0.250299 0.396914 0.058014 0.100000
2 0.220395 0.529012 0.074761 0.127160
3 0.573864 0.441975 0.071172 0.150617
4 0.275120 0.254321 0.064593 0.138272
5 0.467703 0.154321 0.076555 0.162963
6 0.716806 0.145679 0.069976 0.182716
7 0.383373 0.395679 0.053828 0.107407
7 0.279306 0.630864 0.062201 0.098765
9 0.434211 0.445679 0.076555 0.150617
9 0.505981 0.377160 0.065789 0.144444
10 0.652213 0.296296 0.056818 0.145679
10 0.299641 0.454938 0.068182 0.137037
11 0.345993 0.172840 0.067584 0.162963
12 0.385766 0.277778 0.084928 0.182716
