12 0.386065 0.279012 0.078349 0.180247
11 0.347787 0.179630 0.077153 0.159259
10 0.648923 0.300000 0.064593 0.148148
10 0.302333 0.461111 0.072368 0.139506
9 0.433612 0.448765 0.080144 0.149383
9 0.506579 0.371605 0.071770 0.148148
7 0.283792 0.632716 0.063995 0.117284
6 0.713218 0.146296 0.066388 0.181481
5 0.464713 0.159259 0.074163 0.160494
4 0.274522 0.264198 0.064593 0.135802
3 0.570574 0.441975 0.075359 0.162963
2 0.223684 0.537037 0.080144 0.128395
1 0.360646 0.550000 0.052632 0.107407
1 0.659091 0.454938 0.057416 0.114815
1 0.250299 0.403086 0.050837 0.107407
1 0.453050 0.319136 0.056818 0.114815
7 0.380981 0.403704 0.051435 0.106173
