1 0.658792 0.457407 0.052033 0.124691
1 0.359749 0.546914 0.060407 0.108642
1 0.453050 0.318519 0.053230 0.111111
1 0.252392 0.396296 0.055024 0.103704
2 0.226077 0.527778 0.076555 0.132099
3 0.575060 0.443210 0.075957 0.153086
4 0.279306 0.258642 0.063397 0.129630
5 0.469797 0.162346 0.077153 0.156790
6 0.717404 0.155556 0.068780 0.177778
7 0.385167 0.400000 0.052632 0.111111
7 0.282596 0.622840 0.063995 0.112346
9 0.435108 0.453086 0.077153 0.143210
9 0.506878 0.374691 0.067584 0.144444
10 0.303230 0.451235 0.068182 0.134568
10 0.652213 0.307407 0.065191 0.133333
11 0.351077 0.175309 0.070574 0.158025
12 0.389653 0.278395 0.077153 0.176543
