1 0.453648 0.319136 0.049641 0.102469
1 0.361543 0.546914 0.058014 0.111111
1 0.661483 0.455556 0.053828 0.113580
1 0.326256 0.316667 0.050837 0.107407
2 0.222189 0.529630 0.079545 0.130864
3 0.573864 0.441975 0.073565 0.158025
4 0.338816 0.240123 0.060407 0.137037
5 0.464713 0.158025 0.070574 0.162963
6 0.715909 0.145679 0.068182 0.190123
7 0.385167 0.395679 0.053828 0.114815
7 0.279605 0.627778 0.060407 0.109877
9 0.518541 0.235185 0.069378 0.144444
9 0.403409 0.234568 0.069976 0.138272
10 0.317883 0.382099 0.067584 0.137037
10 0.652213 0.302469 0.059211 0.138272
11 0.345694 0.178395 0.069378 0.179012
12 0.385766 0.283951 0.072967 0.172840
