1 0.657596 0.458025 0.054426 0.118519
1 0.455742 0.322222 0.051435 0.103704
1 0.358852 0.552469 0.058612 0.112346
1 0.326256 0.325926 0.052033 0.103704
2 0.223684 0.537654 0.077751 0.129630
3 0.571770 0.440123 0.076555 0.151852
4 0.336722 0.250617 0.062201 0.140741
5 0.463218 0.166667 0.072368 0.158025
6 0.710526 0.148148 0.062201 0.182716
7 0.282297 0.635185 0.057416 0.107407
7 0.383373 0.398765 0.051435 0.103704
9 0.398923 0.236420 0.059809 0.134568
9 0.514952 0.240741 0.068182 0.138272
10 0.317285 0.388889 0.069976 0.128395
11 0.342105 0.187037 0.070574 0.174074
12 0.384270 0.288272 0.078349 0.176543
10 0.650120 0.298148 0.059809 0.146914
