12 0.386663 0.290123 0.077153 0.172840
11 0.344797 0.183951 0.068780 0.153086
10 0.320574 0.389506 0.072967 0.127160
10 0.647727 0.299383 0.056220 0.139506
9 0.399821 0.245679 0.069976 0.138272
9 0.517045 0.238272 0.065191 0.143210
7 0.383971 0.404321 0.055024 0.100000
7 0.282297 0.629012 0.063397 0.112346
6 0.709330 0.147531 0.065789 0.183951
5 0.461124 0.168519 0.066986 0.159259
4 0.336124 0.250617 0.061005 0.135802
3 0.573266 0.445062 0.077153 0.149383
2 0.225778 0.537654 0.078349 0.127160
1 0.360945 0.550617 0.062799 0.113580
1 0.452153 0.324074 0.051435 0.100000
1 0.657596 0.455556 0.053230 0.113580
1 0.326555 0.328395 0.055024 0.101235
