1 0.719199 0.382099 0.055622 0.124691
1 0.447069 0.321605 0.053230 0.104938
1 0.382476 0.391975 0.056818 0.114815
1 0.354665 0.548765 0.051435 0.114815
2 0.250000 0.448148 0.072967 0.128395
3 0.572069 0.441975 0.079545 0.158025
4 0.325658 0.310494 0.065191 0.144444
5 0.568182 0.607407 0.083732 0.177778
6 0.715311 0.145062 0.066986 0.188889
7 0.449163 0.467284 0.056220 0.114815
7 0.646830 0.546296 0.058014 0.117284
9 0.515550 0.236420 0.064593 0.144444
9 0.398325 0.226543 0.072967 0.156790
10 0.650718 0.296914 0.059809 0.146914
10 0.213816 0.618519 0.081938 0.130864
11 0.346292 0.160494 0.074163 0.175309
12 0.406100 0.601852 0.090909 0.188889
