12 0.408792 0.604321 0.092703 0.183951
10 0.648624 0.298765 0.060407 0.133333
10 0.215909 0.620370 0.082536 0.122222
9 0.514354 0.235802 0.070574 0.140741
7 0.447069 0.467284 0.055622 0.112346
7 0.647129 0.545679 0.052632 0.111111
11 0.344797 0.167901 0.071172 0.175309
6 0.713218 0.147531 0.066388 0.188889
5 0.567584 0.603704 0.083732 0.177778
4 0.327751 0.314198 0.069378 0.139506
3 0.573266 0.445062 0.075957 0.151852
2 0.250000 0.450000 0.069378 0.117284
1 0.352572 0.548148 0.052033 0.108642
1 0.383971 0.393827 0.051435 0.103704
1 0.446770 0.320370 0.051435 0.107407
9 0.399821 0.227778 0.067584 0.156790
1 0.716208 0.379012 0.053230 0.118519
