1 0.368122 0.561728 0.052033 0.106173
1 0.383971 0.414815 0.053828 0.101235
1 0.441986 0.344444 0.050239 0.093827
1 0.702153 0.370370 0.050239 0.098765
2 0.259270 0.474691 0.069976 0.119753
3 0.566986 0.441358 0.081340 0.139506
4 0.327153 0.350000 0.066986 0.122222
5 0.571770 0.592593 0.084928 0.160494
6 0.684211 0.162963 0.064593 0.170370
7 0.642644 0.530247 0.052033 0.100000
7 0.452153 0.474074 0.052632 0.101235
9 0.500000 0.261728 0.064593 0.120988
9 0.392344 0.259259 0.070574 0.133333
10 0.237739 0.632099 0.081938 0.118519
10 0.630682 0.298765 0.056818 0.130864
11 0.336423 0.212963 0.075957 0.156790
12 0.420754 0.603086 0.093900 0.164198
