1 0.718600 0.382716 0.054426 0.118519
1 0.449761 0.322840 0.049043 0.107407
1 0.380981 0.393827 0.051435 0.111111
1 0.314294 0.454321 0.061603 0.108642
2 0.356160 0.529012 0.073565 0.137037
3 0.486543 0.608025 0.089115 0.156790
4 0.326555 0.307407 0.066986 0.148148
5 0.511962 0.356790 0.078947 0.177778
6 0.716507 0.146296 0.066986 0.183951
7 0.650718 0.545062 0.058612 0.117284
7 0.448266 0.387654 0.050837 0.111111
10 0.258672 0.375309 0.072368 0.140741
10 0.651316 0.300000 0.061005 0.140741
11 0.346292 0.158025 0.076555 0.167901
9 0.425538 0.538272 0.078349 0.138272
9 0.401316 0.225926 0.070574 0.155556
12 0.430622 0.427160 0.077751 0.187654
