1 0.381280 0.412346 0.048445 0.098765
1 0.441388 0.338889 0.049043 0.102469
1 0.706041 0.375926 0.050837 0.107407
1 0.321471 0.474691 0.054426 0.104938
2 0.361543 0.538272 0.068780 0.120988
3 0.491328 0.601852 0.084330 0.132099
4 0.326256 0.341358 0.066388 0.129630
5 0.504486 0.366049 0.079545 0.169136
6 0.691986 0.155556 0.062201 0.167901
7 0.642344 0.529012 0.050239 0.100000
7 0.444976 0.408642 0.047847 0.098765
9 0.430323 0.543210 0.080742 0.130864
9 0.390849 0.257407 0.078349 0.134568
10 0.260766 0.401852 0.075359 0.139506
10 0.635167 0.303086 0.056220 0.127160
11 0.337919 0.200000 0.072967 0.155556
12 0.431519 0.437654 0.081938 0.171605
