12 0.431220 0.429630 0.077751 0.180247
11 0.348086 0.167901 0.077751 0.165432
10 0.258074 0.379012 0.069976 0.148148
10 0.648923 0.301852 0.055024 0.134568
9 0.396232 0.226543 0.074761 0.159259
9 0.424641 0.543210 0.074163 0.135802
7 0.646531 0.541975 0.052632 0.120988
7 0.447368 0.390741 0.049043 0.109877
6 0.711124 0.148765 0.062201 0.183951
5 0.511065 0.353086 0.077153 0.182716
4 0.325359 0.312963 0.062201 0.129630
3 0.490132 0.606790 0.081938 0.149383
2 0.355861 0.530247 0.069378 0.134568
1 0.445873 0.321605 0.050837 0.095062
1 0.718002 0.379630 0.050837 0.117284
1 0.317883 0.452469 0.059211 0.117284
1 0.379187 0.400000 0.050239 0.096296
