1 0.317584 0.390123 0.057416 0.106173
1 0.452751 0.386420 0.052632 0.108642
1 0.525120 0.248765 0.049043 0.104938
1 0.731459 0.541358 0.052632 0.117284
2 0.482955 0.722222 0.071172 0.133333
3 0.426435 0.530864 0.083732 0.145679
4 0.393840 0.300000 0.060407 0.140741
5 0.580742 0.418519 0.077751 0.177778
6 0.715610 0.143827 0.063995 0.186420
7 0.505682 0.441975 0.049641 0.103704
7 0.576854 0.546296 0.060407 0.112346
9 0.399222 0.224691 0.072368 0.148148
9 0.270335 0.625926 0.094498 0.133333
10 0.653110 0.294444 0.059809 0.144444
10 0.280203 0.259259 0.061603 0.130864
11 0.345694 0.158025 0.072967 0.170370
12 0.572967 0.280864 0.068182 0.181481
