12 0.569079 0.285185 0.063995 0.175309
11 0.346292 0.170988 0.078947 0.171605
10 0.649222 0.296296 0.055622 0.138272
10 0.279605 0.264815 0.063995 0.141975
9 0.271830 0.621605 0.092703 0.144444
9 0.398624 0.233333 0.080742 0.148148
7 0.505084 0.441975 0.050837 0.113580
7 0.575359 0.541975 0.056220 0.113580
6 0.710227 0.149383 0.066388 0.180247
5 0.578947 0.427160 0.080144 0.177778
4 0.392943 0.308642 0.064593 0.130864
3 0.426435 0.532716 0.087321 0.144444
2 0.486244 0.721605 0.075359 0.129630
1 0.729665 0.536420 0.058612 0.117284
1 0.524522 0.251852 0.045455 0.103704
1 0.450359 0.389506 0.055024 0.100000
1 0.318481 0.397531 0.056818 0.103704
