1 0.318780 0.393210 0.058612 0.107407
1 0.453947 0.387654 0.053828 0.101235
1 0.529007 0.251235 0.049641 0.109877
1 0.729665 0.547531 0.056220 0.117284
2 0.483852 0.722222 0.074163 0.133333
3 0.426734 0.529012 0.086722 0.144444
4 0.395335 0.300617 0.061005 0.141975
5 0.580742 0.421605 0.077751 0.179012
6 0.714414 0.147531 0.069976 0.183951
7 0.576854 0.550000 0.056818 0.104938
7 0.506878 0.441975 0.054426 0.113580
9 0.399821 0.223457 0.079545 0.150617
9 0.271531 0.619753 0.090909 0.143210
10 0.654306 0.300000 0.062201 0.148148
10 0.279007 0.259877 0.066388 0.132099
11 0.345993 0.159259 0.067584 0.167901
12 0.575957 0.281481 0.071770 0.200000
