7 0.246875 0.479223 0.064063 0.108579
7 0.272656 0.335121 0.057813 0.104558
7 0.349609 0.275469 0.052344 0.087131
7 0.461328 0.261394 0.053906 0.104558
7 0.582031 0.485255 0.060938 0.120643
1 0.589453 0.405496 0.061719 0.108579
1 0.581250 0.654826 0.059375 0.108579
1 0.502344 0.650134 0.056250 0.109920
1 0.420312 0.651475 0.056250 0.099196
5 0.487891 0.732574 0.099219 0.170241
10 0.732031 0.302949 0.057813 0.147453
3 0.659766 0.309651 0.074219 0.150134
9 0.360547 0.545576 0.082031 0.142091
8 0.342578 0.642091 0.083594 0.131367
