8 0.346484 0.632038 0.078906 0.130027
9 0.364063 0.538874 0.084375 0.139410
1 0.417188 0.645442 0.059375 0.100536
1 0.500000 0.648794 0.057813 0.107239
1 0.576172 0.644102 0.050781 0.111260
1 0.586328 0.410858 0.055469 0.100536
7 0.583984 0.491957 0.058594 0.107239
7 0.252734 0.481233 0.057031 0.093834
7 0.279687 0.331769 0.059375 0.100536
7 0.358594 0.281501 0.053125 0.093834
7 0.467969 0.272788 0.053125 0.092493
5 0.485547 0.725201 0.094531 0.160858
3 0.659766 0.325737 0.064844 0.139410
10 0.728516 0.319035 0.058594 0.150134
