7 0.250000 0.482574 0.064063 0.107239
7 0.277344 0.335121 0.056250 0.104558
7 0.355469 0.276139 0.053125 0.093834
7 0.465625 0.269437 0.051562 0.096515
7 0.582031 0.487936 0.053125 0.117962
1 0.591797 0.404826 0.063281 0.101877
1 0.418750 0.646783 0.060937 0.108579
1 0.503906 0.647453 0.059375 0.109920
1 0.577344 0.650134 0.056250 0.109920
5 0.488672 0.727882 0.096094 0.160858
3 0.657422 0.313003 0.067969 0.143432
10 0.728516 0.313003 0.064844 0.146113
8 0.345703 0.634718 0.080469 0.121984
9 0.363281 0.536193 0.076562 0.134048
