6 0.188281 0.707105 0.121875 0.170241
5 0.571094 0.732574 0.089062 0.162198
3 0.372656 0.467158 0.082812 0.135389
9 0.334375 0.634718 0.101562 0.143432
8 0.330469 0.327078 0.071875 0.131367
11 0.594922 0.166220 0.072656 0.171582
12 0.393359 0.233914 0.082031 0.183646
1 0.587109 0.406166 0.055469 0.109920
1 0.417578 0.653485 0.061719 0.108579
1 0.501172 0.653485 0.063281 0.108579
1 0.579688 0.653485 0.057813 0.119303
10 0.734375 0.648123 0.068750 0.143432
7 0.450391 0.404155 0.061719 0.113941
7 0.514844 0.396113 0.054688 0.119303
7 0.585547 0.488606 0.053906 0.108579
7 0.655078 0.407507 0.050781 0.112601
7 0.730078 0.400804 0.053906 0.117962
