7 0.450391 0.416890 0.049219 0.096515
7 0.510547 0.402815 0.057031 0.105898
7 0.576563 0.483244 0.064062 0.100536
7 0.645312 0.400134 0.053125 0.095174
7 0.713281 0.390080 0.050000 0.096515
1 0.427734 0.642091 0.060156 0.101877
1 0.509375 0.635389 0.062500 0.099196
1 0.579687 0.629357 0.064062 0.105898
1 0.578516 0.404155 0.060156 0.103217
11 0.570312 0.186997 0.076563 0.154155
12 0.386328 0.265416 0.089844 0.166220
8 0.333203 0.355898 0.069531 0.119303
9 0.349219 0.638740 0.092188 0.124665
10 0.723828 0.610590 0.072656 0.143432
5 0.576953 0.711796 0.094531 0.150134
6 0.214453 0.712466 0.122656 0.148794
3 0.377344 0.473861 0.082812 0.140751
