3 0.374609 0.473190 0.089844 0.131367
7 0.450781 0.407507 0.060938 0.101877
7 0.515625 0.400134 0.056250 0.116622
7 0.580078 0.483244 0.064844 0.103217
7 0.647656 0.400804 0.059375 0.107239
7 0.721484 0.398123 0.060156 0.099196
1 0.582031 0.398794 0.060938 0.103217
1 0.427734 0.650804 0.063281 0.100536
1 0.505859 0.644772 0.060156 0.115282
1 0.583203 0.648123 0.053906 0.103217
10 0.731250 0.626676 0.073437 0.135389
11 0.583203 0.175603 0.074219 0.168901
12 0.386328 0.252011 0.086719 0.168901
8 0.333594 0.347855 0.079687 0.121984
6 0.203906 0.711126 0.115625 0.164879
9 0.343750 0.641421 0.085938 0.130027
