6 0.656641 0.638070 0.080469 0.179625
5 0.334375 0.718499 0.112500 0.163539
3 0.428906 0.462466 0.084375 0.142091
1 0.292578 0.572386 0.063281 0.091153
1 0.417578 0.650134 0.060156 0.109920
1 0.503516 0.562332 0.057031 0.121984
1 0.579688 0.657507 0.059375 0.105898
7 0.452734 0.406166 0.052344 0.101877
7 0.521484 0.332440 0.057031 0.109920
7 0.587891 0.323727 0.053906 0.105898
7 0.658594 0.402145 0.053125 0.120643
7 0.583203 0.481903 0.060156 0.113941
12 0.729688 0.369973 0.071875 0.201072
10 0.732031 0.650134 0.065625 0.147453
8 0.256250 0.404155 0.076563 0.119303
9 0.328906 0.321046 0.078125 0.143432
11 0.458984 0.240617 0.085156 0.164879
