11 0.448047 0.252011 0.085156 0.150134
12 0.721094 0.367962 0.068750 0.175603
10 0.728516 0.630697 0.063281 0.132708
9 0.331250 0.337802 0.079688 0.134048
8 0.259766 0.420241 0.067969 0.113941
7 0.451172 0.410858 0.050781 0.108579
7 0.516406 0.340483 0.051563 0.096515
7 0.576172 0.329759 0.052344 0.099196
7 0.650000 0.397453 0.046875 0.116622
7 0.577344 0.482574 0.056250 0.101877
6 0.656641 0.619973 0.078906 0.178284
5 0.346094 0.717158 0.107813 0.152815
3 0.428906 0.463137 0.082812 0.143432
1 0.301172 0.578418 0.064844 0.095174
1 0.425000 0.649464 0.059375 0.105898
1 0.502734 0.564343 0.060156 0.104558
1 0.581250 0.642091 0.056250 0.115282
