1 0.294922 0.571716 0.060156 0.097855
1 0.419531 0.646113 0.062500 0.117962
1 0.502344 0.567694 0.057813 0.108579
1 0.576953 0.652145 0.060156 0.124665
3 0.430469 0.465147 0.085938 0.144772
5 0.335938 0.719839 0.112500 0.168901
6 0.656641 0.630697 0.075781 0.178284
7 0.581641 0.481233 0.053906 0.115282
7 0.654687 0.402815 0.051562 0.111260
7 0.584766 0.333110 0.058594 0.116622
7 0.519141 0.338472 0.060156 0.100536
8 0.258594 0.406836 0.068750 0.121984
9 0.335547 0.327748 0.077344 0.127346
10 0.726953 0.646113 0.064844 0.144772
11 0.453125 0.237265 0.076562 0.166220
12 0.727344 0.373995 0.071875 0.184987
7 0.450391 0.406166 0.053906 0.093834
