11 0.408203 0.182306 0.082031 0.155496
12 0.728906 0.224531 0.081250 0.180965
10 0.656641 0.556971 0.069531 0.143432
9 0.363281 0.468499 0.090625 0.138070
8 0.330859 0.329759 0.069531 0.128686
7 0.451562 0.403485 0.057813 0.101877
7 0.518750 0.330429 0.057812 0.097855
7 0.586328 0.325067 0.050781 0.103217
7 0.656641 0.399464 0.050781 0.109920
7 0.726562 0.335791 0.050000 0.097855
1 0.289453 0.571046 0.063281 0.107239
1 0.417578 0.654826 0.063281 0.105898
1 0.503125 0.567024 0.059375 0.112601
1 0.580078 0.656836 0.061719 0.104558
6 0.574609 0.735925 0.089844 0.166220
5 0.228516 0.465147 0.094531 0.158177
3 0.452344 0.322386 0.076562 0.140751
