5 0.239844 0.450402 0.093750 0.150134
1 0.296484 0.555630 0.057031 0.095174
1 0.416406 0.634718 0.057813 0.103217
1 0.499609 0.562332 0.052344 0.111260
1 0.570312 0.649464 0.054688 0.103217
8 0.342578 0.329759 0.067969 0.115282
7 0.457031 0.408177 0.053125 0.089812
7 0.525000 0.345174 0.051562 0.095174
7 0.585547 0.341153 0.050781 0.105898
7 0.653516 0.420241 0.050781 0.105898
7 0.726953 0.363271 0.050781 0.099196
11 0.421875 0.196381 0.076562 0.140751
12 0.721484 0.247989 0.072656 0.171582
10 0.650000 0.563673 0.064062 0.138070
9 0.370703 0.461796 0.078906 0.127346
3 0.461719 0.331099 0.070312 0.128686
6 0.564844 0.720509 0.085938 0.164879
