6 0.567969 0.729893 0.093750 0.170241
1 0.578125 0.660188 0.059375 0.108579
1 0.500781 0.560322 0.064062 0.117962
1 0.416406 0.644772 0.060938 0.104558
1 0.299219 0.560992 0.057813 0.100536
3 0.457031 0.327748 0.073438 0.132708
5 0.234766 0.459115 0.097656 0.156836
7 0.454688 0.408177 0.051562 0.095174
7 0.523047 0.333780 0.052344 0.099196
7 0.585938 0.331769 0.050000 0.100536
7 0.657422 0.404826 0.053906 0.126005
7 0.726172 0.343164 0.055469 0.112601
8 0.332813 0.329088 0.070312 0.127346
9 0.364844 0.462466 0.082812 0.139410
10 0.655078 0.553619 0.064844 0.142091
11 0.412500 0.187668 0.085938 0.150134
12 0.724219 0.231903 0.070312 0.176944
