5 0.235156 0.460456 0.096875 0.156836
2 0.252344 0.401475 0.073438 0.119303
2 0.723437 0.549598 0.060938 0.142091
6 0.574609 0.629357 0.085156 0.180965
1 0.580078 0.569705 0.057031 0.099196
1 0.501563 0.566354 0.062500 0.111260
1 0.417969 0.652145 0.060937 0.105898
1 0.378125 0.479893 0.056250 0.099196
3 0.585938 0.390080 0.070312 0.144772
9 0.273438 0.639410 0.093750 0.134048
8 0.328906 0.325737 0.068750 0.131367
7 0.451172 0.403485 0.057031 0.107239
7 0.516797 0.330429 0.058594 0.111260
7 0.656250 0.402815 0.057813 0.111260
7 0.724609 0.333110 0.058594 0.116622
10 0.589063 0.463807 0.064062 0.144772
11 0.529297 0.165550 0.074219 0.159517
12 0.591406 0.215818 0.073438 0.184987
7 0.584766 0.323056 0.057031 0.104558
