7 0.592188 0.343164 0.048437 0.099196
7 0.526953 0.344504 0.052344 0.099196
7 0.458203 0.402145 0.050781 0.099196
7 0.651953 0.424263 0.050781 0.108579
7 0.721875 0.363941 0.051563 0.111260
8 0.347656 0.322386 0.068750 0.121984
9 0.278906 0.605898 0.089063 0.134048
11 0.543750 0.197721 0.068750 0.151475
12 0.600391 0.247989 0.066406 0.168901
3 0.586719 0.402815 0.060938 0.138070
10 0.584375 0.483914 0.062500 0.126005
1 0.413281 0.630027 0.059375 0.109920
1 0.498047 0.563673 0.055469 0.103217
1 0.571484 0.574397 0.057031 0.097855
1 0.385156 0.467158 0.054688 0.095174
2 0.267969 0.384048 0.065625 0.111260
2 0.709375 0.567024 0.057813 0.117962
5 0.248828 0.437668 0.094531 0.143432
6 0.562891 0.627346 0.080469 0.160858
