6 0.569922 0.626676 0.082031 0.167560
5 0.238672 0.453083 0.097656 0.160858
3 0.584375 0.388070 0.076563 0.138070
2 0.257031 0.398794 0.068750 0.119303
2 0.719922 0.560322 0.063281 0.134048
1 0.417969 0.646113 0.062500 0.117962
1 0.500781 0.567024 0.060938 0.115282
1 0.382812 0.477212 0.060937 0.104558
7 0.454688 0.403485 0.056250 0.099196
7 0.520312 0.337802 0.048437 0.099196
7 0.585938 0.336461 0.051562 0.101877
7 0.657422 0.403485 0.047656 0.101877
7 0.725391 0.343834 0.052344 0.100536
8 0.335547 0.329088 0.071094 0.127346
9 0.277344 0.635389 0.089063 0.131367
10 0.588672 0.472520 0.066406 0.140751
11 0.533594 0.174263 0.068750 0.163539
12 0.595703 0.223861 0.072656 0.166220
1 0.576563 0.565013 0.060938 0.100536
