1 0.525419 0.312346 0.050837 0.103704
1 0.396531 0.388272 0.055024 0.104938
1 0.312500 0.461728 0.058014 0.103704
1 0.499103 0.625926 0.058014 0.103704
1 0.581340 0.638889 0.058612 0.109877
1 0.653409 0.546914 0.056818 0.116049
2 0.211722 0.615432 0.080144 0.119753
3 0.350778 0.614198 0.080742 0.134568
7 0.428230 0.543827 0.057416 0.102469
7 0.600478 0.241358 0.050239 0.109877
7 0.662081 0.243827 0.045455 0.097531
8 0.514055 0.441975 0.060407 0.128395
9 0.573864 0.528395 0.073565 0.138272
10 0.653708 0.375926 0.052632 0.134568
11 0.728469 0.504938 0.075359 0.185185
