11 0.711124 0.532716 0.069378 0.161728
10 0.651316 0.402469 0.055024 0.128395
9 0.566388 0.532716 0.064593 0.134568
7 0.429127 0.531481 0.052033 0.097531
7 0.608254 0.276543 0.044258 0.098765
7 0.667165 0.287037 0.044856 0.102469
3 0.352871 0.585802 0.077751 0.129630
2 0.221591 0.569753 0.072368 0.117284
1 0.325359 0.448148 0.057416 0.101235
1 0.410586 0.385802 0.046053 0.107407
1 0.532596 0.330864 0.052033 0.098765
1 0.494019 0.612963 0.055024 0.104938
1 0.569677 0.635802 0.054426 0.096296
1 0.640849 0.547531 0.052033 0.107407
8 0.518541 0.453704 0.058612 0.119753
