1 0.650120 0.536420 0.055024 0.112346
1 0.582835 0.638889 0.056818 0.102469
1 0.504187 0.620988 0.056220 0.111111
1 0.315191 0.465432 0.056220 0.106173
1 0.395634 0.388272 0.056818 0.109877
1 0.522129 0.311728 0.051435 0.104938
2 0.214713 0.612963 0.078947 0.117284
3 0.353768 0.614198 0.083134 0.127160
7 0.429725 0.544444 0.053230 0.101235
7 0.595694 0.248148 0.044258 0.091358
7 0.652512 0.244444 0.049043 0.103704
8 0.515550 0.450000 0.052632 0.117284
9 0.572667 0.522840 0.066388 0.129630
10 0.650120 0.372840 0.062201 0.128395
11 0.724880 0.508642 0.061005 0.160494
