1 0.403409 0.313580 0.050837 0.101235
1 0.446172 0.389506 0.052632 0.095062
1 0.380682 0.464198 0.056818 0.103704
1 0.497907 0.627778 0.056818 0.107407
1 0.573565 0.544444 0.057416 0.106173
1 0.654306 0.540123 0.056220 0.112346
2 0.346890 0.621605 0.074163 0.127160
3 0.649821 0.629630 0.067584 0.135802
7 0.427033 0.543210 0.052632 0.098765
7 0.660586 0.243827 0.044856 0.102469
7 0.597488 0.243210 0.047847 0.096296
7 0.339713 0.328395 0.057416 0.101235
8 0.273624 0.317901 0.068780 0.117284
8 0.509270 0.449383 0.063995 0.125926
9 0.586423 0.304938 0.067584 0.128395
10 0.655502 0.377160 0.057416 0.137037
11 0.728469 0.430247 0.070574 0.174074
