11 0.729665 0.432716 0.069378 0.174074
10 0.653409 0.378395 0.061603 0.129630
9 0.584330 0.302469 0.069378 0.133333
8 0.510766 0.449383 0.063397 0.120988
8 0.274522 0.310494 0.063397 0.124691
7 0.600179 0.245679 0.047249 0.101235
7 0.659091 0.245679 0.050239 0.108642
7 0.341208 0.330247 0.055622 0.102469
7 0.427333 0.543827 0.056818 0.097531
3 0.648325 0.630247 0.069378 0.134568
2 0.344797 0.621605 0.074761 0.122222
1 0.380682 0.467284 0.049641 0.092593
1 0.404904 0.316667 0.050239 0.102469
1 0.450957 0.387037 0.055024 0.100000
1 0.499402 0.620988 0.057416 0.111111
1 0.575658 0.544444 0.054426 0.108642
1 0.649821 0.540123 0.055622 0.100000
