1 0.649522 0.536420 0.058612 0.102469
1 0.575359 0.538889 0.051435 0.102469
1 0.501794 0.621605 0.057416 0.104938
1 0.383074 0.469753 0.050837 0.104938
1 0.448565 0.389506 0.050239 0.102469
1 0.402512 0.320988 0.050239 0.103704
2 0.351077 0.623457 0.075359 0.120988
3 0.650120 0.629012 0.068182 0.122222
7 0.432715 0.550000 0.052033 0.090123
7 0.651316 0.251852 0.052632 0.103704
7 0.336423 0.340123 0.049641 0.104938
7 0.593002 0.249383 0.048445 0.093827
8 0.277213 0.328395 0.062799 0.106173
8 0.512560 0.450000 0.057416 0.122222
9 0.579844 0.297531 0.060407 0.133333
10 0.651615 0.372222 0.059211 0.122222
11 0.724880 0.427160 0.062201 0.165432
