11 0.665670 0.519136 0.078947 0.159259
10 0.721591 0.229630 0.056818 0.138272
8 0.226675 0.534568 0.075359 0.125926
8 0.510766 0.455556 0.058612 0.125926
7 0.593301 0.311111 0.049043 0.106173
7 0.601077 0.240123 0.047847 0.095062
7 0.338816 0.326543 0.052033 0.100000
7 0.427333 0.541975 0.058014 0.108642
2 0.369916 0.453086 0.068780 0.123457
1 0.403110 0.313580 0.047847 0.108642
1 0.448565 0.383951 0.052632 0.101235
1 0.515849 0.385185 0.053230 0.111111
1 0.573864 0.540741 0.055622 0.101235
1 0.659091 0.461111 0.051435 0.104938
1 0.500598 0.629630 0.057416 0.101235
