1 0.415072 0.319136 0.044258 0.095062
1 0.455742 0.393210 0.050239 0.095062
1 0.521232 0.389506 0.047249 0.104938
1 0.568780 0.543827 0.052632 0.114815
1 0.654605 0.473457 0.043660 0.107407
1 0.494916 0.614198 0.056818 0.107407
2 0.377093 0.446914 0.062799 0.118519
7 0.593002 0.324691 0.048445 0.101235
7 0.608254 0.269753 0.041866 0.090123
7 0.351675 0.330247 0.051435 0.100000
7 0.429127 0.533333 0.054426 0.088889
8 0.512261 0.454938 0.056818 0.114815
8 0.235945 0.511728 0.072368 0.119753
10 0.720395 0.261111 0.052033 0.119753
