10 0.708134 0.228395 0.047847 0.130864
8 0.510766 0.452469 0.057416 0.114815
8 0.232955 0.546914 0.073565 0.120988
7 0.433014 0.545062 0.052632 0.087654
7 0.338517 0.343827 0.049043 0.097531
7 0.582835 0.318519 0.050837 0.106173
7 0.591806 0.254321 0.038876 0.093827
2 0.373505 0.462346 0.069976 0.119753
11 0.661184 0.516667 0.068780 0.146914
1 0.651615 0.446914 0.047249 0.093827
1 0.574462 0.537037 0.053230 0.106173
1 0.502691 0.618519 0.055622 0.108642
1 0.513158 0.392593 0.051435 0.106173
1 0.448565 0.393827 0.046651 0.101235
1 0.400718 0.324074 0.044258 0.100000
