1 0.387261 0.388272 0.055622 0.100000
1 0.516148 0.383951 0.049043 0.103704
1 0.575060 0.543827 0.053230 0.107407
1 0.518840 0.638889 0.058014 0.102469
1 0.657297 0.440741 0.043062 0.088889
2 0.364234 0.464198 0.071770 0.125926
3 0.727273 0.709259 0.065789 0.149383
7 0.600179 0.241975 0.047249 0.101235
7 0.357955 0.200000 0.050837 0.093827
7 0.337919 0.325309 0.050239 0.109877
7 0.392344 0.316049 0.052632 0.093827
7 0.425239 0.549383 0.057416 0.098765
7 0.497907 0.553704 0.055622 0.112346
8 0.512261 0.456173 0.065191 0.129630
8 0.238337 0.458642 0.075957 0.119753
9 0.350478 0.617901 0.092105 0.139506
10 0.449761 0.307407 0.063397 0.135802
11 0.663876 0.521605 0.076555 0.166667
