11 0.656699 0.530864 0.080144 0.145679
10 0.460825 0.314815 0.059211 0.130864
9 0.350778 0.597531 0.081938 0.135802
8 0.250000 0.443210 0.066986 0.113580
8 0.513158 0.456173 0.055024 0.114815
7 0.497608 0.551235 0.053828 0.097531
7 0.426136 0.538889 0.055622 0.100000
7 0.354964 0.329012 0.048445 0.095062
7 0.404605 0.327778 0.047249 0.092593
7 0.376495 0.209877 0.046053 0.098765
7 0.604665 0.264198 0.051435 0.098765
3 0.709330 0.710494 0.066986 0.144444
2 0.372010 0.456790 0.066986 0.120988
1 0.400120 0.395062 0.052632 0.088889
1 0.520634 0.388889 0.043660 0.103704
1 0.568182 0.545062 0.056220 0.100000
1 0.509868 0.620988 0.053230 0.101235
1 0.652213 0.472222 0.052033 0.104938
