1 0.657297 0.450000 0.052632 0.100000
1 0.573864 0.540741 0.058014 0.108642
1 0.518541 0.625309 0.061005 0.107407
1 0.515849 0.388889 0.053230 0.101235
1 0.387261 0.394444 0.061603 0.100000
2 0.366926 0.468519 0.065191 0.117284
3 0.728768 0.698148 0.068780 0.151852
7 0.429127 0.556173 0.054426 0.095062
7 0.499402 0.553704 0.055024 0.100000
7 0.597488 0.246296 0.047847 0.107407
7 0.353469 0.208642 0.050239 0.098765
7 0.340311 0.332716 0.049043 0.100000
7 0.393541 0.322840 0.049043 0.092593
8 0.240730 0.462346 0.074761 0.122222
8 0.512560 0.452469 0.058612 0.117284
9 0.351376 0.619136 0.087919 0.137037
10 0.450957 0.312963 0.061005 0.127160
11 0.662380 0.517284 0.072368 0.165432
