11 0.572967 0.615432 0.078947 0.166667
10 0.522129 0.235185 0.062201 0.132099
9 0.274222 0.618519 0.087919 0.140741
8 0.649821 0.312346 0.054426 0.120988
8 0.257177 0.388889 0.072967 0.125926
7 0.331938 0.330247 0.051435 0.109877
7 0.356160 0.202469 0.047249 0.096296
7 0.598385 0.239506 0.050837 0.103704
7 0.587919 0.373457 0.055024 0.107407
7 0.441388 0.470370 0.053828 0.111111
7 0.422548 0.641975 0.059211 0.125926
5 0.729366 0.611111 0.078349 0.172840
3 0.731160 0.535185 0.061603 0.144444
2 0.389354 0.310494 0.065789 0.124691
1 0.385766 0.388272 0.052632 0.104938
1 0.523923 0.393210 0.053828 0.112346
1 0.503589 0.538889 0.057416 0.119753
1 0.575658 0.543827 0.059211 0.124691
1 0.657297 0.458642 0.055024 0.117284
