1 0.654007 0.448148 0.058014 0.106173
1 0.520036 0.399383 0.053230 0.097531
1 0.578349 0.540123 0.052632 0.102469
1 0.509569 0.535802 0.055024 0.111111
1 0.385467 0.403086 0.056818 0.092593
2 0.386663 0.322222 0.061603 0.118519
3 0.724880 0.508025 0.061005 0.127160
5 0.727273 0.593210 0.075359 0.169136
7 0.331639 0.349383 0.050837 0.093827
7 0.350179 0.222222 0.049641 0.098765
7 0.587620 0.253704 0.049641 0.087654
7 0.583134 0.370988 0.049043 0.107407
7 0.442285 0.478395 0.052033 0.109877
7 0.431818 0.637654 0.061005 0.112346
8 0.259569 0.408642 0.070574 0.118519
8 0.639653 0.311728 0.049641 0.127160
9 0.286483 0.626543 0.088517 0.134568
10 0.513158 0.250617 0.058612 0.130864
11 0.575060 0.606790 0.081938 0.154321
