11 0.569079 0.616667 0.069976 0.151852
10 0.525419 0.246296 0.055622 0.129630
9 0.275419 0.615432 0.081938 0.127160
8 0.257775 0.388272 0.070574 0.119753
8 0.650120 0.313580 0.056220 0.116049
7 0.592105 0.382099 0.050239 0.104938
7 0.599581 0.247531 0.043660 0.097531
7 0.361543 0.201235 0.046053 0.098765
7 0.336423 0.327778 0.043660 0.102469
7 0.440191 0.469753 0.057416 0.107407
7 0.424342 0.633333 0.062799 0.113580
5 0.725778 0.611111 0.075957 0.170370
3 0.730861 0.538889 0.061005 0.154321
2 0.393242 0.309877 0.063995 0.116049
1 0.390251 0.389506 0.053230 0.095062
1 0.523624 0.396914 0.052033 0.109877
1 0.503289 0.540741 0.052033 0.108642
1 0.575359 0.546296 0.055024 0.114815
1 0.658194 0.458025 0.050837 0.118519
