1 0.387261 0.390741 0.053230 0.100000
1 0.522727 0.399383 0.055024 0.102469
1 0.507476 0.539506 0.053230 0.098765
1 0.576256 0.546296 0.052033 0.112346
1 0.657297 0.451235 0.053828 0.109877
2 0.389653 0.309259 0.063995 0.114815
3 0.280203 0.614198 0.095096 0.132099
4 0.199163 0.702469 0.083732 0.125926
5 0.721292 0.614198 0.077751 0.174074
7 0.356459 0.201235 0.052632 0.101235
7 0.334031 0.329012 0.049641 0.097531
7 0.377990 0.481481 0.053828 0.096296
7 0.438995 0.541975 0.055024 0.106173
7 0.598983 0.244444 0.050837 0.101235
8 0.586423 0.372222 0.059211 0.119753
8 0.308612 0.459259 0.070574 0.125926
10 0.425239 0.625309 0.071770 0.132099
11 0.575359 0.619136 0.078947 0.151852
