11 0.571172 0.616049 0.082536 0.153086
10 0.422847 0.622222 0.068182 0.130864
8 0.587321 0.378395 0.055024 0.117284
8 0.309510 0.456790 0.068780 0.133333
7 0.337919 0.330247 0.053828 0.112346
7 0.361543 0.201852 0.046053 0.100000
7 0.600778 0.247531 0.049641 0.097531
7 0.380084 0.472840 0.056818 0.096296
7 0.440490 0.543827 0.054426 0.104938
5 0.717105 0.613580 0.075359 0.167901
4 0.198864 0.693827 0.083134 0.125926
3 0.281400 0.613580 0.090311 0.133333
2 0.392344 0.313580 0.061005 0.111111
1 0.386962 0.393827 0.055024 0.096296
1 0.523624 0.404938 0.055622 0.096296
1 0.505981 0.541975 0.052632 0.108642
1 0.576256 0.546914 0.049641 0.101235
1 0.654007 0.458025 0.053230 0.113580
