1 0.653409 0.461111 0.052033 0.104938
1 0.574462 0.546914 0.052033 0.101235
1 0.503289 0.536420 0.053230 0.107407
1 0.521531 0.406790 0.050239 0.097531
1 0.393840 0.391358 0.050837 0.096296
2 0.398325 0.312963 0.056220 0.112346
3 0.281998 0.593210 0.087919 0.137037
4 0.203947 0.674074 0.078947 0.130864
5 0.710227 0.618519 0.077153 0.167901
7 0.367524 0.204321 0.048445 0.095062
7 0.345694 0.322840 0.046651 0.102469
7 0.381280 0.475926 0.054426 0.102469
7 0.439892 0.537654 0.052033 0.100000
7 0.602871 0.260494 0.043062 0.088889
8 0.315191 0.458642 0.062201 0.124691
10 0.424342 0.616667 0.066388 0.134568
8 0.587321 0.385185 0.050239 0.128395
11 0.567285 0.619753 0.068780 0.150617
