1 0.385766 0.388272 0.052632 0.100000
1 0.520933 0.400617 0.056220 0.100000
1 0.655203 0.456790 0.052033 0.111111
2 0.463816 0.308025 0.060407 0.117284
3 0.287679 0.537654 0.084928 0.129630
4 0.413876 0.716667 0.072967 0.127160
5 0.495215 0.608642 0.090909 0.165432
7 0.332536 0.330247 0.055024 0.104938
7 0.440191 0.471605 0.055024 0.108642
7 0.510467 0.544444 0.055622 0.098765
7 0.578349 0.633951 0.058612 0.119753
7 0.656699 0.314198 0.055024 0.100000
8 0.586722 0.304938 0.057416 0.130864
8 0.306519 0.458642 0.069976 0.122222
