8 0.313995 0.452469 0.063397 0.119753
8 0.588816 0.320988 0.055622 0.130864
7 0.343002 0.329012 0.050837 0.097531
7 0.441986 0.470988 0.052632 0.102469
7 0.507476 0.539506 0.052033 0.111111
7 0.571770 0.629630 0.053828 0.111111
7 0.659091 0.332099 0.050239 0.098765
5 0.492823 0.599383 0.086124 0.156790
4 0.409988 0.699383 0.067584 0.124691
3 0.292464 0.522222 0.078947 0.133333
2 0.471591 0.316049 0.054426 0.120988
1 0.393541 0.392593 0.049043 0.101235
1 0.524821 0.406173 0.053230 0.096296
1 0.654605 0.465432 0.050837 0.101235
