1 0.651615 0.465432 0.052033 0.096296
1 0.524522 0.406173 0.049043 0.091358
1 0.393840 0.391975 0.050837 0.092593
2 0.471292 0.314815 0.056220 0.116049
3 0.291268 0.527778 0.082536 0.129630
4 0.408792 0.699383 0.069976 0.134568
5 0.491627 0.604321 0.083732 0.154321
7 0.508074 0.542593 0.046053 0.097531
7 0.573565 0.631481 0.052632 0.112346
7 0.659988 0.330247 0.044856 0.100000
7 0.341806 0.323457 0.046053 0.093827
7 0.442285 0.466667 0.052033 0.103704
8 0.310706 0.447531 0.055622 0.119753
8 0.593600 0.317284 0.053230 0.123457
