1 0.384868 0.391975 0.052033 0.097531
1 0.468900 0.251235 0.049043 0.097531
2 0.588816 0.447531 0.062799 0.132099
2 0.297548 0.455556 0.068780 0.123457
4 0.414773 0.717284 0.072368 0.133333
1 0.652811 0.635802 0.053230 0.101235
6 0.651017 0.703704 0.078349 0.172840
7 0.438995 0.542593 0.057416 0.104938
7 0.361842 0.557407 0.059809 0.100000
7 0.208134 0.718519 0.066986 0.113580
7 0.332536 0.329012 0.052632 0.102469
8 0.231758 0.538272 0.072368 0.130864
9 0.440490 0.373457 0.075957 0.146914
7 0.646232 0.543210 0.053230 0.108642
