9 0.439294 0.381481 0.077153 0.125926
8 0.244019 0.551852 0.075359 0.118519
7 0.228469 0.722840 0.071770 0.090123
7 0.369617 0.559877 0.062201 0.100000
7 0.444079 0.544444 0.055622 0.101235
7 0.639653 0.533333 0.053230 0.103704
7 0.333134 0.351235 0.053828 0.097531
6 0.654306 0.679012 0.080144 0.160494
4 0.426435 0.706790 0.071770 0.122222
2 0.307117 0.472840 0.071172 0.125926
2 0.582536 0.445062 0.062201 0.122222
1 0.386663 0.406173 0.052033 0.106173
1 0.460526 0.272222 0.050239 0.102469
1 0.654605 0.617901 0.054426 0.109877
