1 0.655203 0.641358 0.047249 0.104938
1 0.386364 0.389506 0.051435 0.095062
1 0.468900 0.257407 0.047847 0.090123
2 0.297847 0.453704 0.075359 0.129630
2 0.590012 0.443210 0.061603 0.140741
4 0.410885 0.714198 0.072967 0.137037
6 0.650718 0.704938 0.077751 0.170370
7 0.361543 0.552469 0.062799 0.107407
7 0.438995 0.543210 0.051435 0.103704
7 0.646232 0.543210 0.053230 0.118519
7 0.207835 0.717901 0.073565 0.114815
8 0.231459 0.543210 0.069378 0.130864
7 0.334031 0.327160 0.052033 0.103704
9 0.441388 0.374074 0.069378 0.138272
