1 0.647727 0.632716 0.056220 0.104938
1 0.384270 0.389506 0.054426 0.104938
1 0.468600 0.252469 0.048445 0.095062
2 0.298744 0.458025 0.074761 0.125926
2 0.583134 0.377778 0.059809 0.120988
4 0.514354 0.604938 0.069378 0.138272
6 0.348086 0.607407 0.102871 0.167901
7 0.363935 0.551235 0.053230 0.112346
7 0.507775 0.458642 0.058612 0.104938
7 0.644438 0.545679 0.052033 0.106173
7 0.210526 0.716049 0.064593 0.101235
7 0.334928 0.329630 0.053828 0.111111
8 0.229067 0.539506 0.078947 0.118519
10 0.441089 0.451235 0.068780 0.139506
10 0.656998 0.288272 0.054426 0.146914
