10 0.657895 0.298148 0.057416 0.141975
10 0.442883 0.454321 0.068780 0.145679
8 0.233553 0.537654 0.071172 0.122222
7 0.365730 0.550000 0.056818 0.104938
7 0.507775 0.464198 0.056220 0.101235
7 0.642045 0.542593 0.055622 0.107407
7 0.337620 0.327160 0.059211 0.118519
7 0.212022 0.708025 0.063995 0.104938
6 0.347488 0.603704 0.100478 0.167901
4 0.512261 0.606173 0.068780 0.140741
2 0.302333 0.452469 0.073565 0.129630
2 0.582835 0.375926 0.056818 0.132099
1 0.647129 0.634568 0.053828 0.093827
1 0.469498 0.253086 0.049043 0.101235
1 0.388158 0.390123 0.051435 0.096296
