1 0.385167 0.395679 0.055024 0.097531
1 0.466806 0.258642 0.053230 0.092593
1 0.646830 0.629630 0.056818 0.103704
2 0.298744 0.459877 0.075957 0.124691
2 0.582237 0.379012 0.061603 0.130864
4 0.514952 0.604938 0.070574 0.135802
6 0.348983 0.612346 0.099880 0.158025
7 0.366627 0.549383 0.051435 0.101235
7 0.506878 0.465432 0.050837 0.103704
7 0.646232 0.544444 0.054426 0.111111
7 0.213816 0.719136 0.065191 0.102469
8 0.229665 0.543827 0.069378 0.124691
7 0.334031 0.332716 0.054426 0.109877
10 0.441089 0.455556 0.062799 0.133333
10 0.656400 0.291358 0.055622 0.130864
