1 0.475179 0.185802 0.050837 0.100000
1 0.385467 0.388272 0.053230 0.102469
1 0.683911 0.635802 0.056818 0.111111
2 0.345694 0.619136 0.076555 0.127160
2 0.657596 0.291358 0.056818 0.128395
4 0.432117 0.527778 0.069976 0.137037
6 0.291567 0.172840 0.071172 0.160494
7 0.229067 0.546296 0.062201 0.107407
7 0.402512 0.263580 0.051435 0.100000
7 0.441986 0.388889 0.053828 0.113580
7 0.517045 0.318519 0.050837 0.101235
7 0.650419 0.451852 0.054426 0.103704
8 0.255383 0.390123 0.074163 0.116049
10 0.338218 0.249383 0.067584 0.123457
10 0.592703 0.227778 0.055024 0.144444
