10 0.601376 0.248765 0.054426 0.132099
10 0.354067 0.255556 0.058612 0.123457
8 0.270036 0.377778 0.063995 0.116049
7 0.236842 0.530247 0.049043 0.100000
7 0.444677 0.391358 0.048445 0.096296
7 0.522727 0.332716 0.047847 0.095062
7 0.414474 0.267901 0.049043 0.103704
7 0.648026 0.462346 0.049641 0.109877
6 0.307715 0.179012 0.068780 0.153086
4 0.434211 0.524691 0.066986 0.128395
2 0.346292 0.601852 0.072967 0.119753
2 0.658194 0.312346 0.048445 0.128395
1 0.486244 0.208642 0.044258 0.096296
1 0.393840 0.387037 0.046053 0.100000
1 0.668660 0.637037 0.056220 0.106173
