1 0.681519 0.635802 0.056818 0.108642
1 0.478170 0.193210 0.046053 0.097531
1 0.385766 0.387654 0.052632 0.106173
2 0.346591 0.617284 0.074761 0.130864
2 0.656998 0.301852 0.049641 0.129630
4 0.431519 0.528395 0.068780 0.130864
6 0.293361 0.176543 0.073565 0.170370
7 0.232057 0.542593 0.056220 0.100000
7 0.405801 0.268519 0.050837 0.100000
7 0.444677 0.393210 0.054426 0.092593
7 0.517344 0.322222 0.050239 0.103704
7 0.652213 0.454938 0.053230 0.109877
8 0.258074 0.382099 0.065191 0.127160
10 0.343002 0.247531 0.060407 0.127160
10 0.594498 0.235802 0.051435 0.135802
