11 0.291567 0.180247 0.081938 0.153086
10 0.577153 0.531481 0.068182 0.141975
10 0.594498 0.228395 0.057416 0.140741
8 0.204246 0.704938 0.085526 0.138272
7 0.244318 0.474691 0.059211 0.100000
7 0.315191 0.391358 0.056220 0.103704
7 0.401316 0.261728 0.052632 0.098765
7 0.438397 0.387654 0.055024 0.108642
7 0.651615 0.454321 0.053230 0.098765
6 0.719199 0.140123 0.063995 0.179012
4 0.506579 0.451852 0.066986 0.140741
2 0.656100 0.293210 0.052632 0.127160
2 0.356758 0.535185 0.073565 0.129630
1 0.386962 0.387654 0.052632 0.103704
1 0.581340 0.383951 0.056220 0.101235
1 0.474581 0.186420 0.053230 0.093827
