1 0.472787 0.193210 0.052033 0.090123
1 0.579844 0.385802 0.050837 0.107407
1 0.384569 0.393210 0.053828 0.092593
2 0.359151 0.541975 0.073565 0.125926
4 0.506579 0.459877 0.065789 0.134568
6 0.712620 0.152469 0.065191 0.166667
2 0.653409 0.295679 0.055622 0.132099
7 0.247309 0.476543 0.050837 0.103704
7 0.317285 0.393827 0.054426 0.103704
7 0.399522 0.267284 0.056220 0.100000
7 0.439892 0.386420 0.044856 0.108642
7 0.648923 0.448765 0.055024 0.109877
8 0.208433 0.706173 0.079545 0.120988
10 0.575060 0.525309 0.062799 0.132099
10 0.590012 0.225926 0.058014 0.148148
11 0.290670 0.187037 0.082536 0.144444
