11 0.302931 0.179630 0.081938 0.144444
10 0.573266 0.527160 0.063995 0.130864
10 0.596591 0.233951 0.048445 0.137037
8 0.203349 0.692593 0.072967 0.120988
7 0.249103 0.469753 0.050837 0.097531
7 0.319378 0.385802 0.052632 0.102469
7 0.445275 0.393827 0.055622 0.106173
7 0.408194 0.266667 0.044856 0.098765
7 0.646531 0.457407 0.050239 0.104938
6 0.718301 0.165432 0.064593 0.172840
4 0.509868 0.456790 0.063995 0.135802
2 0.655203 0.308025 0.056818 0.127160
2 0.359450 0.529630 0.071770 0.128395
1 0.387560 0.392593 0.051435 0.103704
1 0.478170 0.197531 0.047249 0.086420
1 0.581340 0.385185 0.056220 0.113580
