1 0.394438 0.319753 0.049641 0.096296
1 0.309211 0.391975 0.047847 0.100000
1 0.579844 0.382716 0.052033 0.113580
2 0.450060 0.306790 0.063995 0.132099
2 0.658493 0.293210 0.056220 0.134568
4 0.438397 0.448765 0.066986 0.132099
6 0.367225 0.439506 0.086124 0.175309
7 0.253289 0.461728 0.053230 0.106173
7 0.268242 0.339506 0.046053 0.096296
7 0.588517 0.314198 0.050239 0.104938
7 0.587321 0.466667 0.053828 0.111111
7 0.502691 0.548148 0.059211 0.106173
8 0.209928 0.621605 0.077751 0.122222
10 0.348684 0.622840 0.075359 0.132099
10 0.517644 0.233333 0.062799 0.138272
11 0.461722 0.169753 0.068182 0.161728
