11 0.469498 0.178395 0.072967 0.164198
10 0.524222 0.252469 0.056818 0.132099
10 0.349282 0.616049 0.074163 0.130864
8 0.212620 0.616667 0.074761 0.117284
7 0.259868 0.458025 0.059211 0.098765
7 0.275718 0.341975 0.053828 0.098765
7 0.503589 0.550617 0.057416 0.113580
7 0.586124 0.472222 0.055024 0.104938
7 0.591507 0.319136 0.050239 0.104938
6 0.368421 0.437654 0.088517 0.169136
4 0.439593 0.451235 0.065789 0.137037
2 0.452751 0.311728 0.062201 0.119753
2 0.657895 0.303704 0.053828 0.128395
1 0.400718 0.324074 0.052632 0.092593
1 0.314294 0.395679 0.042464 0.087654
1 0.580144 0.389506 0.052632 0.102469
