1 0.317883 0.395679 0.053230 0.087654
1 0.400718 0.317284 0.051435 0.093827
1 0.580443 0.391358 0.056818 0.096296
2 0.452751 0.310494 0.062201 0.119753
2 0.654904 0.307407 0.052632 0.133333
4 0.442285 0.450000 0.067584 0.137037
6 0.369019 0.432716 0.087321 0.176543
7 0.260167 0.454938 0.053828 0.107407
7 0.278110 0.346914 0.045455 0.088889
7 0.585227 0.471605 0.056818 0.106173
7 0.505084 0.547531 0.058014 0.112346
7 0.590610 0.322222 0.040072 0.098765
8 0.212321 0.611111 0.078947 0.116049
10 0.348983 0.613580 0.075957 0.123457
10 0.526615 0.251235 0.052033 0.137037
11 0.469797 0.179630 0.071172 0.149383
