1 0.311902 0.395062 0.058014 0.093827
1 0.397727 0.320988 0.050239 0.098765
1 0.650120 0.546914 0.057416 0.108642
2 0.515550 0.374074 0.064593 0.135802
2 0.733254 0.296914 0.052632 0.124691
3 0.291866 0.539506 0.081340 0.140741
3 0.343900 0.622840 0.081340 0.134568
7 0.573864 0.653704 0.054426 0.104938
7 0.725778 0.627160 0.050837 0.106173
7 0.726376 0.454321 0.052033 0.118519
7 0.652811 0.458025 0.055622 0.111111
7 0.268840 0.339506 0.056818 0.103704
8 0.205742 0.631481 0.082536 0.119753
9 0.577153 0.534568 0.072967 0.130864
10 0.341507 0.240741 0.066986 0.135802
10 0.272129 0.709877 0.088517 0.125926
11 0.447069 0.354321 0.079545 0.182716
