11 0.454545 0.359877 0.080144 0.174074
10 0.348983 0.245679 0.061603 0.125926
10 0.272727 0.698148 0.081340 0.127160
9 0.572967 0.531481 0.068182 0.144444
8 0.213816 0.616049 0.078349 0.113580
7 0.569976 0.644444 0.050239 0.111111
7 0.651316 0.461728 0.051435 0.113580
7 0.719498 0.465432 0.050239 0.113580
7 0.717404 0.633333 0.053230 0.116049
3 0.294557 0.527778 0.080742 0.139506
3 0.345694 0.614198 0.080144 0.129630
2 0.729964 0.311728 0.050837 0.122222
2 0.517045 0.378395 0.063995 0.124691
1 0.402213 0.321605 0.050837 0.102469
1 0.317584 0.391358 0.052632 0.091358
7 0.276316 0.339506 0.046651 0.093827
1 0.645036 0.553704 0.053230 0.100000
