1 0.310108 0.403086 0.054426 0.087654
1 0.396531 0.324074 0.052632 0.104938
1 0.647727 0.541975 0.056220 0.108642
2 0.726675 0.295062 0.053828 0.125926
2 0.512560 0.377778 0.066986 0.135802
3 0.292165 0.538889 0.081938 0.132099
3 0.346591 0.622840 0.087919 0.137037
7 0.269139 0.343827 0.050239 0.095062
7 0.651914 0.461111 0.053828 0.085185
7 0.577452 0.647531 0.052033 0.107407
7 0.726675 0.623457 0.051435 0.118519
7 0.724282 0.454938 0.051435 0.114815
8 0.212321 0.627160 0.078947 0.113580
9 0.576256 0.530864 0.073565 0.133333
10 0.338816 0.245679 0.062799 0.135802
10 0.275120 0.711111 0.077751 0.123457
11 0.446471 0.367901 0.075957 0.172840
