1 0.651615 0.383951 0.053230 0.106173
1 0.648923 0.551852 0.052632 0.093827
1 0.382775 0.379630 0.053828 0.100000
2 0.508672 0.461728 0.065191 0.138272
2 0.585227 0.303704 0.055622 0.128395
3 0.431818 0.533333 0.074163 0.148148
3 0.202153 0.698765 0.092105 0.138272
7 0.244318 0.456790 0.056818 0.106173
7 0.487739 0.733333 0.060407 0.106173
7 0.575658 0.636420 0.058014 0.112346
7 0.654306 0.458025 0.055024 0.106173
7 0.723684 0.375926 0.052632 0.112346
8 0.343002 0.618519 0.077153 0.123457
9 0.576555 0.531481 0.072967 0.141975
10 0.276316 0.301852 0.070574 0.124691
11 0.456639 0.221605 0.079545 0.164198
10 0.365730 0.448148 0.071172 0.138272
