1 0.641746 0.377160 0.053828 0.104938
1 0.645036 0.533951 0.052033 0.102469
1 0.381878 0.395679 0.053230 0.100000
2 0.506878 0.459877 0.063995 0.127160
2 0.574163 0.313580 0.055024 0.125926
3 0.221591 0.703086 0.087919 0.129630
3 0.437201 0.536420 0.074163 0.137037
7 0.252691 0.480247 0.056818 0.096296
7 0.575658 0.619136 0.060407 0.109877
7 0.497907 0.719136 0.060407 0.097531
7 0.712321 0.369136 0.050239 0.103704
7 0.645933 0.451235 0.049043 0.097531
8 0.351376 0.622222 0.075957 0.118519
9 0.574462 0.527778 0.069976 0.127160
10 0.277213 0.333333 0.066388 0.118519
10 0.369019 0.462346 0.072967 0.124691
11 0.448266 0.245679 0.079545 0.153086
