11 0.458732 0.225926 0.075359 0.158025
10 0.278708 0.304938 0.066986 0.125926
10 0.367225 0.448765 0.063397 0.129630
9 0.576256 0.537037 0.069976 0.138272
8 0.343600 0.613580 0.078349 0.130864
7 0.248206 0.458642 0.062201 0.104938
7 0.487141 0.724691 0.053230 0.111111
7 0.576256 0.629012 0.055622 0.107407
7 0.654904 0.459259 0.053828 0.108642
7 0.725478 0.377778 0.046651 0.106173
3 0.432416 0.536420 0.077751 0.141975
3 0.204246 0.690741 0.090311 0.146914
2 0.509569 0.464198 0.064593 0.130864
2 0.587321 0.307407 0.061005 0.135802
1 0.387560 0.380864 0.058612 0.107407
1 0.651615 0.381481 0.053230 0.103704
1 0.650120 0.552469 0.059809 0.107407
