1 0.383074 0.380864 0.056818 0.114815
1 0.453349 0.309877 0.053828 0.116049
1 0.602572 0.304938 0.049641 0.103704
2 0.647129 0.446914 0.058612 0.138272
2 0.713816 0.165432 0.052033 0.135802
3 0.251495 0.384568 0.083134 0.132099
3 0.638457 0.612346 0.071172 0.150617
7 0.315789 0.472840 0.057416 0.106173
7 0.579246 0.453086 0.055622 0.116049
7 0.723684 0.375926 0.057416 0.109877
7 0.519139 0.390123 0.064593 0.113580
7 0.519438 0.299383 0.053230 0.097531
8 0.363337 0.531481 0.073565 0.132099
9 0.406699 0.179630 0.069378 0.127160
10 0.296651 0.187037 0.062201 0.122222
10 0.499701 0.523457 0.072368 0.160494
11 0.522727 0.158025 0.077751 0.158025
