11 0.518840 0.162346 0.075957 0.159259
10 0.295455 0.194444 0.064593 0.132099
10 0.502392 0.527778 0.069378 0.141975
9 0.405502 0.181481 0.069378 0.123457
8 0.362739 0.537654 0.069976 0.132099
7 0.314593 0.471605 0.049043 0.106173
7 0.518541 0.385185 0.050239 0.108642
7 0.579844 0.453086 0.054426 0.108642
7 0.723385 0.371605 0.052033 0.123457
7 0.519438 0.298148 0.053230 0.100000
3 0.253888 0.385802 0.087919 0.134568
3 0.637859 0.611728 0.073565 0.141975
2 0.646830 0.446914 0.059211 0.120988
2 0.712022 0.171605 0.052033 0.130864
1 0.602273 0.303704 0.050239 0.108642
1 0.451854 0.318519 0.053230 0.101235
1 0.381579 0.382716 0.051435 0.101235
