1 0.381280 0.378395 0.058014 0.102469
1 0.453947 0.315432 0.050239 0.104938
1 0.604366 0.305556 0.049641 0.104938
2 0.648923 0.447531 0.061005 0.132099
2 0.714414 0.169136 0.053230 0.130864
3 0.252691 0.382099 0.084330 0.139506
3 0.639055 0.612346 0.072368 0.153086
7 0.578947 0.454938 0.052632 0.117284
7 0.722787 0.380247 0.048445 0.113580
7 0.514653 0.385802 0.047249 0.104938
7 0.523026 0.295679 0.049641 0.097531
8 0.365132 0.542593 0.065191 0.134568
7 0.316388 0.469753 0.050239 0.107407
9 0.404904 0.182099 0.065789 0.127160
10 0.499402 0.528395 0.066986 0.153086
10 0.296352 0.191975 0.061603 0.119753
11 0.523325 0.161111 0.072967 0.154321
