1 0.589713 0.249383 0.047847 0.101235
1 0.724581 0.385802 0.049641 0.104938
1 0.508074 0.381481 0.052033 0.103704
1 0.382775 0.377160 0.052632 0.109877
2 0.647129 0.623457 0.061005 0.133333
1 0.722488 0.250000 0.047847 0.100000
2 0.714713 0.169136 0.050239 0.123457
3 0.432117 0.450000 0.078349 0.134568
3 0.287679 0.527778 0.087321 0.139506
7 0.594797 0.385802 0.054426 0.100000
7 0.661184 0.305556 0.050837 0.107407
7 0.659390 0.456790 0.050837 0.108642
7 0.520634 0.294444 0.050837 0.100000
7 0.330144 0.324074 0.052632 0.104938
8 0.414474 0.619753 0.074163 0.125926
9 0.406998 0.180247 0.069976 0.125926
10 0.297249 0.194444 0.066986 0.127160
10 0.500000 0.525309 0.065789 0.141975
11 0.521830 0.161728 0.074761 0.158025
