11 0.501794 0.191975 0.075359 0.139506
10 0.290072 0.241975 0.066986 0.111111
10 0.502691 0.526543 0.066388 0.129630
9 0.391447 0.219753 0.071172 0.113580
8 0.427333 0.620370 0.077153 0.119753
7 0.646830 0.445062 0.052033 0.104938
7 0.641447 0.308025 0.047249 0.092593
7 0.583134 0.387037 0.049043 0.097531
7 0.506878 0.311111 0.050837 0.088889
7 0.329246 0.362346 0.054426 0.097531
3 0.433014 0.459259 0.077751 0.133333
3 0.303828 0.550617 0.084928 0.116049
2 0.682416 0.180864 0.047847 0.104938
2 0.646830 0.588272 0.059211 0.132099
1 0.706041 0.375309 0.047249 0.111111
1 0.693481 0.248765 0.047249 0.092593
1 0.571172 0.268519 0.046651 0.090123
1 0.502093 0.398148 0.055622 0.100000
1 0.381579 0.406173 0.057416 0.098765
