1 0.388756 0.384568 0.053828 0.104938
1 0.512560 0.387037 0.051435 0.102469
1 0.593900 0.259877 0.046651 0.104938
1 0.721890 0.398765 0.050239 0.106173
2 0.642644 0.621605 0.059211 0.129630
2 0.718002 0.194444 0.053230 0.114815
1 0.722488 0.265432 0.045455 0.091358
3 0.437201 0.450617 0.076555 0.133333
3 0.294557 0.518519 0.083134 0.140741
7 0.654007 0.462963 0.052033 0.113580
7 0.663278 0.317284 0.047847 0.106173
7 0.594199 0.393827 0.048445 0.103704
7 0.339115 0.327778 0.052632 0.102469
8 0.415371 0.612963 0.073565 0.146914
9 0.414773 0.191358 0.063995 0.120988
10 0.309510 0.198765 0.059211 0.116049
10 0.500897 0.532716 0.065191 0.137037
11 0.529007 0.175926 0.066388 0.154321
7 0.524522 0.301852 0.055024 0.112346
