1 0.726376 0.390123 0.056818 0.111111
1 0.584928 0.254938 0.050239 0.095062
1 0.721890 0.244444 0.051435 0.106173
1 0.386364 0.378395 0.056220 0.102469
2 0.579844 0.445679 0.061603 0.130864
2 0.714115 0.166667 0.051435 0.133333
3 0.274222 0.304938 0.075957 0.130864
7 0.454844 0.324074 0.054426 0.102469
7 0.520933 0.310494 0.055024 0.097531
7 0.662679 0.306173 0.047847 0.101235
7 0.656998 0.450000 0.055622 0.112346
8 0.413577 0.620988 0.077153 0.138272
9 0.403110 0.236420 0.059809 0.141975
10 0.351077 0.186420 0.064593 0.135802
7 0.588517 0.377778 0.051435 0.106173
11 0.521531 0.158025 0.074163 0.155556
