11 0.540969 0.192593 0.066388 0.150617
10 0.376495 0.202469 0.055622 0.118519
9 0.420455 0.251852 0.055024 0.135802
8 0.411782 0.605556 0.066388 0.134568
7 0.465012 0.335802 0.050837 0.103704
7 0.528708 0.331481 0.050239 0.100000
7 0.589414 0.399383 0.044856 0.100000
7 0.661782 0.335185 0.044856 0.104938
7 0.650718 0.469753 0.050239 0.104938
3 0.294258 0.301852 0.066986 0.127160
2 0.579246 0.460494 0.054426 0.118519
2 0.716507 0.217901 0.051435 0.119753
1 0.723086 0.291358 0.044258 0.093827
1 0.718301 0.417901 0.050239 0.102469
1 0.590909 0.280864 0.043062 0.097531
1 0.397129 0.376543 0.051435 0.103704
