1 0.382775 0.384568 0.059809 0.100000
1 0.578648 0.249383 0.046053 0.108642
1 0.716806 0.247531 0.050837 0.095062
1 0.722189 0.379012 0.048445 0.111111
2 0.578050 0.443827 0.061603 0.129630
2 0.706639 0.169136 0.050837 0.120988
3 0.273923 0.319136 0.072967 0.134568
7 0.520335 0.311728 0.050239 0.102469
7 0.656998 0.303704 0.050837 0.111111
7 0.654904 0.453086 0.050239 0.101235
7 0.586722 0.379012 0.049043 0.103704
7 0.454844 0.328395 0.054426 0.108642
8 0.416268 0.622840 0.072967 0.137037
9 0.402213 0.248765 0.072368 0.141975
10 0.349581 0.196914 0.061603 0.127160
11 0.517943 0.169136 0.070574 0.158025
