1 0.383373 0.378395 0.056220 0.107407
1 0.513158 0.388272 0.057416 0.112346
1 0.718600 0.550000 0.053230 0.114815
1 0.724282 0.248765 0.049043 0.097531
2 0.715012 0.171605 0.049641 0.113580
3 0.237141 0.450000 0.080742 0.132099
3 0.727273 0.708642 0.071770 0.150617
2 0.439294 0.451235 0.065191 0.122222
5 0.564892 0.709259 0.091507 0.166667
7 0.594797 0.313580 0.055622 0.111111
7 0.660586 0.305556 0.049641 0.107407
7 0.511065 0.459259 0.054426 0.103704
7 0.504785 0.553086 0.056220 0.108642
7 0.453648 0.322840 0.052033 0.102469
8 0.285885 0.541975 0.075359 0.120988
9 0.401316 0.233951 0.058612 0.149383
10 0.349880 0.184568 0.061005 0.132099
11 0.522727 0.162346 0.072967 0.146914
