11 0.504486 0.187037 0.074761 0.151852
10 0.342105 0.225926 0.063397 0.116049
9 0.395634 0.262963 0.061603 0.135802
8 0.298146 0.554321 0.072368 0.113580
7 0.449761 0.341358 0.055024 0.100000
7 0.511962 0.463580 0.053828 0.100000
7 0.509270 0.553704 0.059211 0.102469
7 0.582536 0.324074 0.051435 0.100000
7 0.643541 0.304938 0.051435 0.106173
5 0.571471 0.688272 0.086722 0.154321
3 0.726675 0.675926 0.071770 0.149383
3 0.244617 0.475309 0.083732 0.135802
2 0.438995 0.462346 0.068182 0.122222
2 0.685407 0.180247 0.052632 0.113580
1 0.380981 0.401235 0.051435 0.096296
1 0.506878 0.393827 0.054426 0.096296
1 0.711423 0.522222 0.054426 0.103704
1 0.699163 0.250000 0.044258 0.100000
