1 0.721292 0.264815 0.046651 0.090123
1 0.712321 0.548765 0.053828 0.114815
1 0.386364 0.380247 0.053828 0.098765
1 0.513756 0.393827 0.055024 0.103704
2 0.441089 0.451235 0.066388 0.129630
2 0.716806 0.194444 0.053230 0.117284
3 0.245514 0.441975 0.081938 0.135802
3 0.716806 0.716049 0.068780 0.150617
5 0.558612 0.701235 0.086124 0.155556
7 0.595395 0.326543 0.047249 0.107407
7 0.662380 0.319136 0.044856 0.109877
7 0.514952 0.462963 0.050239 0.101235
7 0.503888 0.546914 0.054426 0.113580
7 0.458433 0.332099 0.048445 0.091358
8 0.292763 0.529630 0.068780 0.118519
9 0.407596 0.245679 0.059211 0.133333
10 0.360646 0.193210 0.055024 0.127160
11 0.528409 0.173457 0.071172 0.159259
