11 0.519139 0.285802 0.075359 0.179012
10 0.274222 0.306790 0.068780 0.127160
9 0.353170 0.178395 0.067584 0.141975
8 0.426435 0.534568 0.070574 0.135802
7 0.454844 0.328395 0.055622 0.106173
7 0.582835 0.387037 0.050837 0.107407
7 0.661782 0.306173 0.050837 0.125926
5 0.500000 0.516049 0.089713 0.180247
3 0.291268 0.530864 0.087321 0.135802
3 0.266746 0.695679 0.095694 0.137037
2 0.645634 0.538889 0.062799 0.137037
1 0.719498 0.547531 0.055024 0.107407
1 0.720096 0.246296 0.049043 0.109877
1 0.383672 0.378395 0.052033 0.107407
