1 0.395634 0.382099 0.050837 0.102469
1 0.702452 0.567284 0.053230 0.100000
1 0.722488 0.291358 0.043062 0.101235
2 0.633971 0.550000 0.057416 0.117284
3 0.302333 0.504321 0.079545 0.127160
3 0.271830 0.654938 0.083134 0.127160
5 0.499701 0.514815 0.078349 0.167901
7 0.580443 0.405556 0.050837 0.090123
7 0.661184 0.339506 0.047249 0.093827
7 0.466806 0.338889 0.049641 0.097531
8 0.427333 0.526543 0.065191 0.124691
9 0.377990 0.195062 0.062201 0.125926
10 0.298146 0.305556 0.060407 0.119753
11 0.528409 0.304321 0.068780 0.156790
