11 0.510167 0.292593 0.072967 0.153086
10 0.274222 0.325309 0.063995 0.129630
9 0.345096 0.204938 0.065789 0.135802
8 0.427333 0.533951 0.073565 0.114815
7 0.449761 0.333333 0.047847 0.106173
7 0.574163 0.385185 0.049043 0.116049
7 0.653110 0.304938 0.046651 0.101235
5 0.501196 0.519136 0.086124 0.161728
3 0.278409 0.700617 0.092703 0.137037
3 0.299641 0.537037 0.083732 0.140741
2 0.640849 0.525926 0.061603 0.133333
1 0.717404 0.529012 0.052033 0.104938
1 0.709629 0.247531 0.044856 0.097531
1 0.384868 0.387037 0.061603 0.104938
