1 0.382476 0.378395 0.052033 0.109877
1 0.720694 0.545062 0.055024 0.107407
1 0.720993 0.244444 0.046053 0.106173
2 0.650718 0.539506 0.068182 0.130864
3 0.219797 0.535185 0.084330 0.141975
3 0.527213 0.304938 0.068780 0.143210
5 0.428828 0.519753 0.090909 0.172840
7 0.578648 0.386420 0.052033 0.108642
7 0.661782 0.306173 0.047249 0.111111
7 0.569677 0.646914 0.056818 0.108642
7 0.650419 0.639506 0.059211 0.108642
7 0.453947 0.324691 0.055024 0.111111
8 0.732057 0.722222 0.058612 0.123457
9 0.283792 0.243827 0.079545 0.127160
8 0.438995 0.457407 0.059809 0.132099
10 0.303828 0.460494 0.083732 0.133333
