10 0.312201 0.488272 0.071770 0.114815
9 0.280502 0.295679 0.076555 0.124691
8 0.731160 0.673457 0.058014 0.124691
8 0.441089 0.472840 0.062799 0.113580
7 0.570275 0.393210 0.050837 0.087654
7 0.642045 0.303086 0.047249 0.090123
7 0.575060 0.624074 0.053230 0.109877
7 0.650419 0.610494 0.050837 0.095062
5 0.434211 0.524691 0.089713 0.148148
3 0.238935 0.558642 0.086722 0.127160
3 0.514055 0.321605 0.067584 0.137037
2 0.638756 0.518519 0.058612 0.113580
1 0.709928 0.520988 0.049043 0.103704
1 0.694677 0.245062 0.043660 0.097531
1 0.384569 0.407407 0.057416 0.098765
7 0.446172 0.345062 0.055024 0.097531
