1 0.715012 0.530247 0.054426 0.104938
1 0.708134 0.243827 0.047847 0.102469
1 0.381280 0.393827 0.058014 0.093827
2 0.642644 0.528395 0.058014 0.125926
3 0.229665 0.550617 0.083732 0.133333
3 0.521232 0.313580 0.068780 0.138272
5 0.431519 0.522222 0.090311 0.160494
7 0.575060 0.388889 0.047249 0.091358
7 0.650120 0.305556 0.045455 0.100000
7 0.576256 0.629012 0.048445 0.112346
7 0.651017 0.619136 0.054426 0.107407
7 0.448565 0.335802 0.047847 0.108642
8 0.441986 0.469753 0.059809 0.119753
8 0.733254 0.687037 0.062201 0.132099
9 0.283493 0.271605 0.075359 0.125926
10 0.307715 0.473457 0.065191 0.129630
