1 0.654904 0.627778 0.059809 0.114815
1 0.726077 0.452469 0.050239 0.119753
1 0.395933 0.321605 0.053828 0.097531
1 0.374402 0.465432 0.058612 0.108642
2 0.497907 0.624074 0.073565 0.137037
3 0.574163 0.522840 0.074163 0.149383
3 0.220395 0.533333 0.086722 0.145679
5 0.260167 0.703704 0.106459 0.165432
7 0.349880 0.646296 0.062201 0.102469
7 0.578349 0.387037 0.050239 0.107407
7 0.434510 0.550617 0.060407 0.106173
7 0.661782 0.301852 0.048445 0.107407
8 0.731758 0.718519 0.062799 0.130864
8 0.438995 0.455556 0.066986 0.123457
9 0.282596 0.243827 0.077153 0.139506
10 0.303529 0.459259 0.071172 0.135802
