10 0.304426 0.466049 0.074163 0.137037
9 0.282895 0.254938 0.072967 0.144444
8 0.438098 0.458642 0.063995 0.127160
8 0.732356 0.706790 0.059211 0.137037
7 0.352273 0.642593 0.065789 0.097531
7 0.576854 0.385802 0.049641 0.107407
7 0.657596 0.304938 0.047249 0.111111
5 0.266148 0.702469 0.105263 0.155556
3 0.223983 0.540741 0.087919 0.138272
3 0.574462 0.521605 0.073565 0.154321
2 0.498804 0.619136 0.064593 0.132099
1 0.374701 0.470370 0.053230 0.098765
1 0.395335 0.332099 0.053828 0.106173
1 0.723684 0.454938 0.055024 0.112346
1 0.653409 0.613580 0.055622 0.113580
7 0.438098 0.553704 0.056818 0.095062
