1 0.654605 0.625926 0.055622 0.120988
1 0.727273 0.453086 0.050239 0.125926
1 0.397428 0.325309 0.052033 0.102469
1 0.375598 0.467901 0.051435 0.106173
2 0.497608 0.622840 0.066986 0.137037
3 0.221292 0.534568 0.086124 0.140741
3 0.574163 0.520988 0.070574 0.150617
5 0.260467 0.698148 0.105861 0.156790
7 0.354665 0.645062 0.061005 0.095062
7 0.581938 0.382716 0.046651 0.101235
7 0.661782 0.302469 0.049641 0.111111
7 0.433313 0.550000 0.055622 0.109877
8 0.441388 0.462963 0.062201 0.128395
8 0.731160 0.714815 0.059211 0.140741
9 0.282297 0.246296 0.072967 0.139506
10 0.303529 0.454321 0.067584 0.133333
