1 0.395634 0.321605 0.052033 0.102469
1 0.373505 0.467284 0.054426 0.102469
1 0.726077 0.458025 0.053828 0.106173
1 0.656400 0.627160 0.053230 0.111111
2 0.503888 0.540123 0.066388 0.132099
3 0.197667 0.701235 0.093900 0.135802
3 0.574163 0.533951 0.072967 0.144444
5 0.718600 0.214198 0.065191 0.164198
7 0.282895 0.262963 0.056220 0.106173
7 0.349581 0.645062 0.061603 0.107407
7 0.438397 0.475309 0.055024 0.106173
7 0.655203 0.377778 0.050837 0.101235
7 0.658194 0.461111 0.050837 0.104938
8 0.732955 0.719136 0.060407 0.124691
9 0.466806 0.177160 0.069976 0.144444
10 0.295156 0.535185 0.078349 0.127160
11 0.645634 0.719753 0.078349 0.162963
