11 0.625299 0.711111 0.073565 0.160494
10 0.303529 0.512346 0.068780 0.120988
9 0.484749 0.198148 0.061603 0.134568
8 0.705742 0.720370 0.061005 0.119753
7 0.350179 0.619136 0.056818 0.095062
7 0.441388 0.474074 0.051435 0.111111
7 0.304426 0.269136 0.046651 0.098765
7 0.648923 0.479012 0.053828 0.103704
7 0.654007 0.398148 0.049641 0.107407
5 0.717703 0.259877 0.065789 0.156790
3 0.568182 0.536420 0.070574 0.134568
3 0.201555 0.653086 0.086124 0.130864
2 0.501196 0.537037 0.061005 0.128395
1 0.716507 0.481481 0.051435 0.106173
1 0.639055 0.625309 0.054426 0.109877
1 0.382476 0.455556 0.054426 0.096296
1 0.409091 0.324691 0.049043 0.106173
