1 0.399522 0.321605 0.052632 0.104938
1 0.378888 0.467901 0.054426 0.091358
1 0.724880 0.464198 0.052632 0.101235
1 0.653409 0.629012 0.052033 0.107407
2 0.502691 0.541358 0.066388 0.129630
3 0.572069 0.535185 0.068780 0.139506
3 0.197967 0.690741 0.094498 0.132099
5 0.717703 0.220988 0.070574 0.170370
8 0.728170 0.716667 0.058014 0.137037
9 0.469797 0.180247 0.067584 0.143210
10 0.297249 0.535185 0.074163 0.124691
11 0.643242 0.711111 0.074761 0.155556
7 0.654904 0.382099 0.049043 0.104938
7 0.655203 0.467901 0.048445 0.098765
7 0.349880 0.638889 0.059809 0.107407
7 0.286483 0.266667 0.056220 0.113580
