1 0.243720 0.474691 0.058014 0.100000
1 0.656100 0.631481 0.058612 0.107407
2 0.518840 0.308642 0.061603 0.123457
3 0.648624 0.367284 0.069976 0.156790
3 0.195574 0.699383 0.094498 0.139506
5 0.526316 0.162963 0.071770 0.158025
7 0.282596 0.264815 0.053230 0.109877
7 0.588517 0.319753 0.056220 0.116049
8 0.432715 0.458642 0.067584 0.122222
8 0.732356 0.722222 0.063995 0.128395
9 0.406100 0.173457 0.063397 0.139506
10 0.294258 0.533333 0.075359 0.133333
10 0.381878 0.374074 0.062799 0.135802
11 0.428230 0.520988 0.092105 0.175309
