11 0.430622 0.524074 0.090909 0.156790
10 0.385167 0.395062 0.065789 0.123457
10 0.308313 0.551235 0.074761 0.112346
9 0.393541 0.209259 0.068182 0.124691
8 0.433612 0.469753 0.068182 0.114815
8 0.730861 0.677160 0.059809 0.129630
7 0.578349 0.322840 0.047847 0.100000
7 0.282297 0.303086 0.052632 0.095062
5 0.508971 0.190123 0.070574 0.140741
3 0.220096 0.709259 0.093301 0.122222
3 0.637261 0.365432 0.066388 0.133333
2 0.507177 0.322840 0.063397 0.112346
1 0.654904 0.602469 0.053828 0.106173
1 0.255682 0.496296 0.055622 0.091358
