1 0.250299 0.466667 0.056818 0.093827
1 0.647129 0.627160 0.055024 0.111111
2 0.520634 0.316667 0.062799 0.119753
3 0.647129 0.377160 0.066986 0.149383
3 0.199163 0.686420 0.090909 0.133333
5 0.531100 0.174691 0.066986 0.151852
7 0.291567 0.264198 0.050837 0.111111
7 0.590311 0.321605 0.056220 0.104938
8 0.433313 0.462963 0.066388 0.125926
8 0.724581 0.717901 0.062799 0.122222
9 0.412380 0.186420 0.061603 0.133333
10 0.297249 0.529630 0.071770 0.128395
10 0.387261 0.375309 0.060407 0.133333
11 0.428230 0.518519 0.087321 0.165432
