1 0.368720 0.470988 0.056818 0.097531
1 0.439593 0.462346 0.057416 0.104938
1 0.574462 0.464198 0.055622 0.106173
1 0.654306 0.375926 0.057416 0.119753
1 0.656400 0.625926 0.054426 0.118519
2 0.517644 0.311111 0.061603 0.128395
3 0.732356 0.527778 0.069976 0.151852
3 0.484450 0.716667 0.083732 0.139506
5 0.526914 0.164815 0.069378 0.161728
7 0.576256 0.553704 0.058014 0.104938
7 0.590909 0.313580 0.044258 0.108642
7 0.333732 0.319136 0.051435 0.104938
8 0.196471 0.716049 0.084330 0.128395
9 0.261065 0.375926 0.071172 0.141975
10 0.384868 0.374074 0.063995 0.145679
10 0.295455 0.537037 0.071770 0.133333
11 0.356459 0.529630 0.094498 0.155556
