11 0.357356 0.532716 0.090311 0.154321
10 0.299940 0.546296 0.072368 0.124691
10 0.385167 0.385185 0.065789 0.135802
9 0.263158 0.396914 0.070574 0.132099
8 0.212022 0.720988 0.080742 0.106173
7 0.577452 0.546296 0.059211 0.095062
7 0.583134 0.320988 0.052632 0.103704
7 0.334928 0.338889 0.057416 0.104938
5 0.517344 0.180247 0.070574 0.158025
3 0.490730 0.704938 0.084330 0.135802
3 0.726675 0.515432 0.068182 0.141975
2 0.510167 0.316049 0.063397 0.111111
1 0.370813 0.482099 0.057416 0.090123
1 0.441687 0.465432 0.055622 0.101235
1 0.570873 0.464815 0.055622 0.100000
1 0.647428 0.373457 0.050837 0.107407
1 0.655801 0.614815 0.056818 0.111111
