1 0.645634 0.629012 0.053230 0.104938
1 0.655502 0.396296 0.053828 0.106173
1 0.573266 0.472840 0.056818 0.106173
1 0.444079 0.463580 0.056818 0.104938
1 0.375299 0.466667 0.056818 0.091358
2 0.521531 0.315432 0.061005 0.119753
3 0.479067 0.706173 0.077751 0.138272
3 0.721890 0.538889 0.065789 0.139506
5 0.533194 0.183333 0.065191 0.161728
7 0.574462 0.549383 0.053230 0.098765
7 0.594498 0.330864 0.049043 0.101235
7 0.342703 0.325926 0.051435 0.106173
8 0.198266 0.687654 0.081938 0.118519
9 0.270634 0.374691 0.066388 0.132099
10 0.299641 0.524074 0.072967 0.129630
10 0.395634 0.375926 0.061603 0.129630
11 0.359151 0.518519 0.075957 0.150617
