1 0.366926 0.473457 0.060407 0.104938
1 0.514055 0.391358 0.054426 0.101235
1 0.573864 0.465432 0.058014 0.103704
1 0.655203 0.382716 0.052033 0.108642
1 0.654605 0.626543 0.054426 0.114815
2 0.350778 0.193827 0.062799 0.116049
3 0.497608 0.535185 0.077751 0.146914
3 0.730861 0.527778 0.065789 0.149383
6 0.465311 0.160494 0.071770 0.167901
7 0.576854 0.551852 0.056818 0.106173
7 0.590311 0.248148 0.047847 0.101235
7 0.416268 0.634568 0.056220 0.106173
8 0.224282 0.532716 0.075359 0.132099
9 0.719797 0.286420 0.061603 0.148148
10 0.257177 0.379630 0.065789 0.127160
10 0.383672 0.371605 0.067584 0.143210
11 0.561304 0.713580 0.089115 0.162963
