11 0.565789 0.701852 0.089713 0.149383
10 0.262859 0.403704 0.069976 0.120988
10 0.384569 0.387037 0.068182 0.134568
9 0.704246 0.288889 0.063995 0.148148
8 0.238337 0.550617 0.077153 0.120988
7 0.423744 0.630864 0.058014 0.111111
7 0.575957 0.541358 0.053828 0.102469
7 0.580443 0.258642 0.050837 0.097531
6 0.455742 0.182716 0.077751 0.158025
3 0.499402 0.527160 0.076555 0.143210
3 0.725478 0.512346 0.065789 0.143210
2 0.347787 0.218519 0.061603 0.106173
1 0.369617 0.480864 0.058612 0.092593
1 0.510167 0.398148 0.052632 0.107407
1 0.571770 0.462346 0.052632 0.097531
1 0.647428 0.380864 0.049641 0.107407
1 0.654007 0.610494 0.056818 0.102469
