1 0.368421 0.478395 0.057416 0.102469
1 0.514354 0.395679 0.050239 0.107407
1 0.572667 0.461728 0.052033 0.098765
1 0.652512 0.382099 0.052632 0.112346
1 0.654904 0.624691 0.056220 0.113580
2 0.348385 0.206173 0.060407 0.116049
3 0.728170 0.526543 0.065191 0.137037
3 0.495813 0.532716 0.077751 0.137037
6 0.458732 0.168519 0.075359 0.156790
7 0.577452 0.546296 0.047249 0.097531
7 0.418062 0.632716 0.055024 0.109877
7 0.585227 0.254938 0.042464 0.092593
8 0.230263 0.539506 0.074163 0.123457
9 0.714414 0.292593 0.062799 0.145679
10 0.255981 0.390123 0.065789 0.128395
10 0.381878 0.381481 0.062799 0.133333
11 0.560407 0.707407 0.088517 0.155556
