1 0.368421 0.474074 0.056220 0.098765
1 0.516447 0.319753 0.048445 0.098765
1 0.582237 0.388272 0.053230 0.095062
1 0.647428 0.472222 0.053230 0.114815
1 0.572667 0.729630 0.056818 0.113580
2 0.351675 0.191358 0.062201 0.113580
3 0.447967 0.369753 0.069378 0.146914
3 0.720993 0.373457 0.060407 0.151852
5 0.729366 0.612346 0.079545 0.167901
6 0.463816 0.161728 0.071172 0.167901
7 0.590909 0.246914 0.050239 0.108642
7 0.415670 0.632099 0.062201 0.118519
7 0.498804 0.549383 0.053828 0.113580
7 0.635467 0.642593 0.058014 0.104938
7 0.720993 0.537654 0.048445 0.092593
8 0.226077 0.535185 0.077751 0.132099
9 0.718301 0.287037 0.053828 0.146914
9 0.325060 0.311728 0.075957 0.144444
10 0.357656 0.538889 0.070574 0.129630
10 0.261364 0.712346 0.078947 0.125926
11 0.577751 0.522222 0.078947 0.175309
