11 0.576256 0.527160 0.077153 0.165432
10 0.362141 0.530247 0.068780 0.127160
10 0.262261 0.687654 0.074761 0.128395
9 0.335227 0.308642 0.074761 0.133333
9 0.717703 0.313580 0.049043 0.143210
8 0.232955 0.522840 0.072368 0.129630
7 0.415670 0.624691 0.055024 0.111111
7 0.498804 0.552469 0.052632 0.112346
7 0.627691 0.639506 0.052033 0.106173
7 0.712620 0.542593 0.048445 0.104938
7 0.594797 0.267901 0.047249 0.101235
6 0.476376 0.175309 0.068780 0.160494
5 0.718301 0.620370 0.075359 0.166667
3 0.452751 0.375309 0.063397 0.140741
3 0.718600 0.391975 0.061603 0.139506
2 0.365730 0.203086 0.060407 0.107407
1 0.519139 0.332099 0.050239 0.106173
1 0.578947 0.396914 0.051435 0.104938
1 0.642644 0.483951 0.047249 0.093827
1 0.563397 0.722840 0.051435 0.097531
1 0.372608 0.466049 0.053828 0.097531
