1 0.368122 0.479012 0.052033 0.101235
1 0.514952 0.322222 0.047847 0.098765
1 0.578648 0.391975 0.049641 0.102469
1 0.645933 0.470370 0.050239 0.108642
1 0.572667 0.719753 0.053230 0.111111
2 0.350478 0.200000 0.058612 0.108642
3 0.445873 0.372840 0.066388 0.145679
3 0.718301 0.372222 0.058612 0.137037
5 0.728170 0.606173 0.083134 0.158025
6 0.462620 0.166667 0.072368 0.162963
7 0.587919 0.253704 0.047847 0.090123
7 0.504486 0.545679 0.049641 0.108642
7 0.634868 0.635802 0.053230 0.101235
7 0.422847 0.636420 0.058612 0.102469
8 0.229964 0.545679 0.081938 0.128395
9 0.716507 0.285802 0.056220 0.129630
9 0.326854 0.314815 0.073565 0.140741
10 0.265550 0.714198 0.078947 0.122222
10 0.361244 0.548765 0.072967 0.137037
11 0.577452 0.525309 0.080742 0.161728
