1 0.513756 0.320988 0.050239 0.103704
1 0.582835 0.388889 0.048445 0.101235
1 0.449761 0.451235 0.053828 0.100000
1 0.572368 0.733333 0.058612 0.103704
2 0.350778 0.195062 0.061603 0.111111
3 0.210825 0.608642 0.085526 0.130864
3 0.416567 0.627778 0.081938 0.141975
5 0.720096 0.624691 0.076555 0.170370
6 0.453648 0.279630 0.078349 0.181481
7 0.656699 0.453086 0.051435 0.108642
7 0.636962 0.643827 0.057416 0.102469
7 0.507177 0.551852 0.052632 0.111111
8 0.223983 0.533951 0.074761 0.122222
9 0.323565 0.309877 0.069378 0.138272
9 0.723684 0.517901 0.070574 0.139506
10 0.381579 0.374691 0.065789 0.137037
10 0.575359 0.450000 0.061005 0.141975
