10 0.569079 0.452469 0.061603 0.129630
10 0.383373 0.400000 0.064593 0.130864
9 0.322069 0.337037 0.067584 0.138272
9 0.716806 0.507407 0.067584 0.143210
8 0.237440 0.550617 0.071770 0.113580
7 0.509569 0.542593 0.055024 0.102469
7 0.636364 0.624074 0.055024 0.102469
7 0.649522 0.446914 0.049043 0.098765
6 0.447368 0.297531 0.080144 0.160494
5 0.718002 0.593827 0.074761 0.165432
3 0.426435 0.627160 0.080144 0.133333
3 0.228170 0.622840 0.090311 0.122222
2 0.344797 0.225309 0.061603 0.104938
1 0.447667 0.461728 0.055622 0.098765
1 0.507476 0.332099 0.052033 0.098765
1 0.575957 0.386420 0.049043 0.096296
1 0.578648 0.708642 0.058014 0.111111
