1 0.566388 0.722222 0.055024 0.093827
1 0.583732 0.400000 0.046651 0.098765
1 0.520335 0.327160 0.052632 0.098765
1 0.452153 0.451852 0.055024 0.098765
2 0.360945 0.200617 0.060407 0.104938
3 0.217105 0.594444 0.084928 0.132099
3 0.415969 0.620988 0.078349 0.138272
5 0.708732 0.629012 0.077751 0.166667
6 0.459629 0.289506 0.072368 0.169136
7 0.505981 0.542593 0.055024 0.104938
7 0.629785 0.638889 0.052632 0.107407
7 0.653708 0.461111 0.045455 0.100000
8 0.232356 0.524074 0.072368 0.124691
9 0.715311 0.530864 0.062201 0.143210
9 0.334031 0.311111 0.063995 0.135802
10 0.389952 0.373457 0.059809 0.139506
10 0.570574 0.460494 0.056220 0.135802
