10 0.510467 0.448148 0.065191 0.128395
9 0.372010 0.379630 0.077751 0.141975
9 0.723086 0.525309 0.068182 0.156790
8 0.225478 0.535802 0.076555 0.120988
8 0.268541 0.326543 0.066986 0.114815
7 0.637261 0.641358 0.054426 0.107407
6 0.651017 0.276543 0.072368 0.185185
5 0.579844 0.519136 0.081938 0.176543
3 0.361543 0.524691 0.081938 0.135802
2 0.349880 0.191975 0.065789 0.112346
1 0.348684 0.633951 0.063397 0.107407
1 0.279904 0.702469 0.063397 0.093827
1 0.572667 0.732099 0.055622 0.103704
1 0.515550 0.322222 0.052632 0.103704
