1 0.515849 0.320988 0.048445 0.103704
1 0.570574 0.732099 0.057416 0.106173
1 0.279605 0.702469 0.063995 0.113580
1 0.349282 0.631481 0.061005 0.102469
2 0.351376 0.190123 0.063995 0.120988
3 0.362141 0.525926 0.081938 0.143210
5 0.580144 0.518519 0.080144 0.165432
6 0.653110 0.277778 0.070574 0.185185
7 0.637261 0.642593 0.054426 0.100000
8 0.226077 0.533333 0.077751 0.120988
8 0.267943 0.324691 0.066986 0.116049
9 0.375000 0.382716 0.077751 0.143210
9 0.722488 0.524074 0.065789 0.156790
10 0.511364 0.446296 0.062201 0.129630
