10 0.512560 0.450617 0.059809 0.133333
9 0.714713 0.529630 0.065789 0.153086
9 0.378888 0.378395 0.074761 0.137037
8 0.278708 0.320988 0.064593 0.116049
8 0.232955 0.523457 0.075957 0.128395
7 0.629486 0.639506 0.055622 0.111111
6 0.652811 0.293827 0.072368 0.182716
5 0.579545 0.522222 0.078947 0.165432
3 0.363935 0.520988 0.080742 0.138272
2 0.362739 0.200617 0.060407 0.109877
1 0.519438 0.327778 0.048445 0.100000
1 0.279904 0.684568 0.059809 0.097531
1 0.350778 0.621605 0.061603 0.095062
1 0.561603 0.721605 0.057416 0.114815
