1 0.289773 0.622840 0.061603 0.104938
1 0.363337 0.553704 0.060407 0.104938
1 0.437799 0.540123 0.059809 0.100000
1 0.514653 0.320988 0.053230 0.101235
2 0.645634 0.232716 0.055622 0.124691
3 0.456639 0.298148 0.071172 0.141975
3 0.490730 0.710494 0.081938 0.151852
8 0.471292 0.179630 0.058612 0.117284
8 0.226077 0.538272 0.076555 0.125926
7 0.636962 0.641975 0.053828 0.106173
9 0.365730 0.446914 0.081938 0.148148
9 0.722787 0.524074 0.067584 0.156790
10 0.509868 0.446296 0.060407 0.137037
11 0.299641 0.369136 0.083732 0.165432
12 0.572069 0.515432 0.078349 0.171605
