11 0.303230 0.385185 0.086124 0.155556
10 0.509270 0.447531 0.061603 0.127160
9 0.715909 0.507407 0.068182 0.158025
9 0.367823 0.456790 0.078947 0.135802
8 0.461124 0.199383 0.061005 0.112346
8 0.237440 0.550000 0.077751 0.124691
7 0.639055 0.625926 0.052033 0.093827
3 0.450359 0.317284 0.070574 0.130864
3 0.499402 0.697531 0.081340 0.150617
2 0.631579 0.241975 0.055024 0.125926
1 0.509569 0.330864 0.050239 0.101235
1 0.442584 0.546296 0.058612 0.107407
1 0.372608 0.558025 0.058612 0.098765
1 0.303529 0.627778 0.061603 0.097531
12 0.570574 0.514198 0.077751 0.169136
