12 0.569079 0.514198 0.073565 0.191358
11 0.306220 0.366049 0.086124 0.164198
10 0.512859 0.446914 0.061603 0.135802
9 0.365431 0.443827 0.077751 0.144444
8 0.227871 0.531481 0.072967 0.137037
8 0.474282 0.187037 0.057416 0.127160
7 0.633971 0.638889 0.058612 0.117284
9 0.718900 0.529630 0.068182 0.148148
3 0.487440 0.709877 0.080144 0.155556
2 0.645335 0.243827 0.056220 0.132099
3 0.456340 0.303086 0.071770 0.141975
1 0.515251 0.318519 0.047249 0.101235
1 0.439294 0.542593 0.059211 0.102469
1 0.366328 0.553086 0.056818 0.106173
1 0.294258 0.619136 0.057416 0.100000
