1 0.514952 0.320370 0.052632 0.109877
1 0.447069 0.470988 0.054426 0.109877
1 0.383672 0.464198 0.059211 0.108642
2 0.643541 0.233951 0.055024 0.124691
3 0.229964 0.521605 0.089115 0.146914
3 0.447069 0.368519 0.067584 0.141975
8 0.471591 0.180247 0.062799 0.128395
8 0.305323 0.459259 0.067584 0.135802
9 0.416866 0.624074 0.083732 0.146914
7 0.507177 0.551852 0.059809 0.113580
7 0.644438 0.643210 0.056818 0.113580
7 0.285586 0.629630 0.062799 0.118519
12 0.568481 0.604321 0.073565 0.176543
11 0.325060 0.297531 0.089115 0.162963
9 0.582536 0.366049 0.074163 0.151852
