9 0.573864 0.371605 0.067584 0.133333
9 0.428230 0.620370 0.077751 0.134568
12 0.569677 0.593210 0.083134 0.154321
11 0.325060 0.330864 0.084330 0.143210
8 0.456340 0.212346 0.062201 0.125926
8 0.312201 0.476543 0.069378 0.123457
7 0.303529 0.640741 0.059211 0.101235
7 0.646830 0.617901 0.059211 0.104938
3 0.444378 0.385802 0.066986 0.127160
3 0.244019 0.541358 0.088517 0.132099
2 0.624103 0.242593 0.056818 0.122222
1 0.386065 0.475309 0.058014 0.096296
1 0.448864 0.479630 0.056818 0.097531
1 0.506280 0.333333 0.049641 0.096296
7 0.506280 0.548765 0.052033 0.107407
