7 0.503589 0.549383 0.050239 0.111111
7 0.640550 0.636420 0.056220 0.112346
1 0.383672 0.464198 0.050837 0.103704
1 0.449163 0.472222 0.055024 0.092593
1 0.517344 0.319753 0.051435 0.111111
2 0.646830 0.238272 0.056818 0.130864
3 0.447667 0.373457 0.063995 0.141975
3 0.230562 0.516667 0.085526 0.144444
8 0.475478 0.188272 0.061005 0.124691
8 0.305622 0.459259 0.074163 0.133333
7 0.286782 0.632716 0.054426 0.109877
9 0.415072 0.621605 0.082536 0.146914
9 0.583134 0.372222 0.062201 0.139506
11 0.325658 0.301235 0.083134 0.158025
12 0.569677 0.609877 0.080742 0.187654
