1 0.446770 0.463580 0.051435 0.109877
1 0.511065 0.383951 0.052033 0.103704
1 0.650120 0.312346 0.055024 0.111111
2 0.732356 0.369753 0.059211 0.129630
3 0.578349 0.369753 0.065789 0.144444
3 0.291567 0.190741 0.071172 0.132099
7 0.518242 0.470988 0.056818 0.095062
7 0.642344 0.639506 0.057416 0.111111
7 0.285287 0.625926 0.064593 0.106173
8 0.377392 0.388272 0.065789 0.127160
8 0.303230 0.451235 0.064593 0.134568
9 0.357057 0.532099 0.081340 0.148148
9 0.715012 0.232099 0.061603 0.155556
11 0.323864 0.301235 0.078349 0.170370
12 0.447368 0.282716 0.075359 0.182716
