12 0.452452 0.287654 0.075957 0.175309
11 0.330742 0.299383 0.080144 0.159259
9 0.714115 0.245679 0.063397 0.153086
9 0.361244 0.522840 0.089713 0.151852
8 0.385467 0.390741 0.068780 0.132099
8 0.308612 0.450617 0.063397 0.128395
7 0.284689 0.620370 0.063397 0.112346
7 0.516746 0.469753 0.051435 0.107407
7 0.637859 0.641358 0.054426 0.107407
3 0.578349 0.373457 0.065789 0.154321
3 0.299641 0.195062 0.072967 0.133333
2 0.732356 0.382099 0.059211 0.141975
1 0.652213 0.321605 0.058014 0.100000
1 0.512261 0.383333 0.050837 0.102469
1 0.449163 0.461111 0.055024 0.119753
