1 0.446172 0.467901 0.056220 0.103704
1 0.509868 0.382716 0.043660 0.101235
1 0.643242 0.310494 0.052033 0.107407
2 0.727871 0.359877 0.058612 0.141975
3 0.576256 0.368519 0.069976 0.139506
3 0.288876 0.203086 0.078947 0.129630
7 0.519438 0.475926 0.053230 0.102469
7 0.295455 0.638272 0.061005 0.118519
7 0.645933 0.636420 0.057416 0.114815
8 0.307715 0.464815 0.067584 0.129630
8 0.379187 0.393827 0.063397 0.123457
9 0.362440 0.535802 0.076555 0.148148
9 0.705742 0.232716 0.059809 0.159259
11 0.322368 0.308642 0.084928 0.167901
12 0.450957 0.294444 0.070574 0.164198
