1 0.574761 0.553086 0.053828 0.108642
1 0.643242 0.448148 0.053230 0.111111
1 0.726675 0.462963 0.056220 0.116049
1 0.510167 0.382716 0.052632 0.111111
2 0.414474 0.721605 0.074163 0.129630
3 0.442584 0.363580 0.076555 0.151852
3 0.577452 0.363580 0.068780 0.156790
7 0.730263 0.642593 0.058612 0.119753
7 0.315191 0.398148 0.058612 0.102469
7 0.518242 0.470988 0.058014 0.102469
8 0.358852 0.542593 0.069378 0.124691
8 0.430921 0.534568 0.073565 0.135802
9 0.713218 0.170370 0.060407 0.150617
9 0.566089 0.624691 0.081938 0.148148
11 0.255981 0.695062 0.108852 0.162963
12 0.652213 0.277778 0.068780 0.187654
