12 0.630682 0.283333 0.069976 0.171605
11 0.280502 0.701852 0.106459 0.146914
9 0.570574 0.608025 0.080144 0.139506
9 0.686603 0.178395 0.062201 0.141975
8 0.369019 0.548765 0.069378 0.114815
8 0.435108 0.541975 0.069976 0.128395
7 0.319378 0.425926 0.059809 0.096296
7 0.515550 0.470988 0.053828 0.102469
7 0.726077 0.609259 0.053828 0.107407
1 0.634270 0.437654 0.048445 0.107407
1 0.711722 0.442593 0.051435 0.104938
1 0.503888 0.391975 0.048445 0.097531
1 0.573266 0.539506 0.055622 0.096296
2 0.430622 0.709877 0.071770 0.113580
3 0.438995 0.383951 0.075359 0.135802
3 0.567285 0.372840 0.066388 0.138272
