1 0.575658 0.543827 0.054426 0.104938
1 0.643242 0.448765 0.056818 0.109877
1 0.723983 0.459877 0.053230 0.124691
1 0.510167 0.386420 0.055024 0.108642
3 0.442584 0.372840 0.078947 0.150617
3 0.576854 0.369136 0.068780 0.145679
2 0.414773 0.718519 0.075957 0.130864
7 0.315490 0.405556 0.055622 0.107407
7 0.519139 0.473457 0.050239 0.095062
7 0.729366 0.633951 0.052033 0.114815
8 0.358852 0.543210 0.072967 0.120988
8 0.433313 0.541358 0.071172 0.119753
9 0.567883 0.624074 0.081938 0.146914
9 0.710227 0.170370 0.065191 0.135802
11 0.257177 0.696296 0.108852 0.160494
12 0.647129 0.278395 0.071770 0.183951
