1 0.397129 0.322840 0.056220 0.102469
1 0.575359 0.548148 0.055024 0.106173
1 0.644139 0.450617 0.053828 0.116049
1 0.726974 0.541358 0.058014 0.112346
2 0.559510 0.722840 0.066388 0.137037
3 0.349581 0.180247 0.073565 0.130864
4 0.459928 0.240123 0.061005 0.137037
4 0.587022 0.170988 0.056818 0.137037
3 0.578648 0.367284 0.065191 0.146914
7 0.267644 0.319136 0.052033 0.097531
7 0.314294 0.400000 0.052033 0.103704
7 0.515550 0.467901 0.053828 0.116049
8 0.371112 0.467284 0.072368 0.122222
9 0.731160 0.431481 0.065191 0.161728
9 0.421950 0.617284 0.090311 0.150617
11 0.279306 0.601852 0.105263 0.169136
12 0.657895 0.274074 0.066986 0.190123
