12 0.645933 0.279630 0.071770 0.176543
11 0.288278 0.607407 0.104067 0.153086
9 0.424940 0.615432 0.086722 0.146914
8 0.374701 0.473457 0.068780 0.119753
9 0.721292 0.427778 0.069378 0.151852
7 0.268541 0.342593 0.047847 0.082716
7 0.318182 0.417284 0.055024 0.098765
7 0.518242 0.472840 0.054426 0.103704
4 0.454844 0.254938 0.059211 0.129630
4 0.573565 0.179012 0.057416 0.138272
3 0.345096 0.203086 0.074163 0.129630
3 0.572967 0.370370 0.066986 0.135802
2 0.565490 0.706790 0.069976 0.129630
1 0.574163 0.541358 0.051435 0.104938
1 0.636962 0.447531 0.051435 0.117284
1 0.723086 0.529630 0.051435 0.106173
1 0.395335 0.340123 0.053828 0.095062
