1 0.396830 0.324074 0.049641 0.107407
1 0.642943 0.446296 0.055024 0.109877
1 0.725179 0.539506 0.056818 0.111111
1 0.574761 0.547531 0.053828 0.107407
2 0.561005 0.722222 0.065789 0.138272
3 0.347787 0.183951 0.069976 0.135802
3 0.577751 0.366667 0.069378 0.140741
4 0.457835 0.237654 0.060407 0.132099
4 0.584928 0.169753 0.059809 0.139506
7 0.267045 0.321605 0.053230 0.100000
7 0.317883 0.403086 0.050837 0.100000
7 0.517644 0.462963 0.054426 0.123457
8 0.371711 0.469753 0.065191 0.119753
9 0.729665 0.430864 0.063397 0.150617
9 0.420455 0.615432 0.084928 0.164198
11 0.280502 0.609877 0.094498 0.167901
12 0.653708 0.272222 0.069378 0.191358
