1 0.650419 0.312963 0.048445 0.112346
1 0.720395 0.316667 0.053230 0.107407
1 0.726376 0.543827 0.059211 0.112346
1 0.398026 0.324074 0.053230 0.102469
2 0.349282 0.624691 0.077751 0.130864
3 0.639354 0.724074 0.077751 0.144444
3 0.443182 0.446296 0.076555 0.146914
4 0.716806 0.229012 0.058014 0.137037
4 0.253888 0.379012 0.073565 0.140741
7 0.267045 0.322222 0.046053 0.101235
7 0.512261 0.392593 0.054426 0.113580
7 0.278409 0.650000 0.058014 0.107407
8 0.313696 0.382716 0.063995 0.123457
8 0.420156 0.627778 0.069976 0.134568
9 0.451854 0.298765 0.069976 0.145679
9 0.646232 0.619753 0.075957 0.145679
11 0.212321 0.497531 0.104067 0.167901
12 0.491328 0.708025 0.091507 0.171605
