12 0.486543 0.695062 0.086722 0.177778
11 0.220395 0.488889 0.098684 0.165432
9 0.455443 0.302469 0.069976 0.143210
9 0.641148 0.625309 0.071770 0.141975
8 0.421352 0.621605 0.069976 0.139506
7 0.281699 0.633333 0.059809 0.101235
7 0.515849 0.394444 0.053230 0.112346
8 0.317285 0.378395 0.059211 0.117284
7 0.276316 0.320370 0.046651 0.092593
4 0.717404 0.245679 0.053230 0.133333
4 0.260467 0.375309 0.062799 0.128395
3 0.447368 0.445062 0.072967 0.146914
3 0.629785 0.724074 0.075359 0.137037
2 0.350478 0.620988 0.071770 0.130864
1 0.402811 0.326543 0.049641 0.092593
1 0.652512 0.327160 0.053828 0.103704
1 0.718900 0.333333 0.052632 0.101235
1 0.722189 0.544444 0.053230 0.116049
