1 0.645036 0.310494 0.050837 0.112346
1 0.713218 0.312346 0.050837 0.113580
1 0.723983 0.533333 0.054426 0.118519
1 0.395634 0.328395 0.052033 0.103704
2 0.352871 0.627778 0.076555 0.127160
3 0.444378 0.448148 0.074163 0.150617
3 0.639653 0.711111 0.075957 0.140741
4 0.256280 0.390741 0.072368 0.134568
4 0.711124 0.232099 0.056220 0.128395
7 0.269438 0.334568 0.049641 0.096296
7 0.284988 0.653086 0.061603 0.103704
7 0.509569 0.395062 0.053828 0.111111
8 0.314294 0.392593 0.061603 0.123457
8 0.425837 0.625309 0.064593 0.129630
9 0.646232 0.620988 0.071172 0.135802
9 0.452452 0.310494 0.069976 0.149383
11 0.217404 0.514815 0.104665 0.167901
12 0.494019 0.701235 0.083732 0.167901
