1 0.397727 0.324691 0.047847 0.098765
1 0.656400 0.387037 0.047249 0.112346
1 0.589713 0.469753 0.055024 0.107407
1 0.575060 0.543210 0.058014 0.106173
2 0.565191 0.717901 0.066986 0.129630
3 0.730861 0.622840 0.072967 0.149383
3 0.430921 0.533333 0.079545 0.143210
4 0.224282 0.532099 0.074163 0.140741
4 0.730861 0.443210 0.062201 0.145679
7 0.198864 0.706790 0.068780 0.107407
7 0.268242 0.321605 0.052033 0.100000
7 0.513457 0.390741 0.058014 0.112346
8 0.299342 0.456173 0.069976 0.124691
8 0.346591 0.193210 0.063995 0.119753
9 0.452751 0.303086 0.066986 0.151852
9 0.655502 0.450000 0.066986 0.141975
11 0.279904 0.606790 0.100478 0.159259
12 0.373505 0.352469 0.085526 0.183951
