12 0.372608 0.365432 0.086124 0.175309
11 0.287679 0.612963 0.104067 0.151852
9 0.447667 0.311111 0.066388 0.143210
9 0.650120 0.444444 0.071770 0.145679
8 0.343002 0.214198 0.065191 0.117284
8 0.302632 0.470370 0.070574 0.133333
7 0.270933 0.340741 0.053828 0.091358
7 0.509569 0.398148 0.058612 0.109877
7 0.210227 0.709877 0.067584 0.111111
4 0.723086 0.431481 0.061005 0.144444
4 0.228170 0.536420 0.071172 0.122222
3 0.430921 0.530864 0.075957 0.143210
3 0.727871 0.604321 0.074163 0.154321
2 0.570873 0.704321 0.073565 0.129630
1 0.399222 0.337037 0.053230 0.103704
1 0.651316 0.382716 0.044258 0.098765
1 0.585825 0.471605 0.056818 0.103704
1 0.572967 0.537037 0.057416 0.113580
