1 0.573864 0.536420 0.056818 0.112346
1 0.589414 0.466667 0.053230 0.113580
1 0.651316 0.376543 0.037081 0.101235
1 0.398026 0.337037 0.049641 0.101235
2 0.570275 0.709877 0.069976 0.123457
3 0.728170 0.609259 0.072368 0.154321
3 0.431519 0.534568 0.073565 0.143210
4 0.227871 0.541975 0.075359 0.133333
4 0.725778 0.433333 0.061603 0.143210
7 0.510167 0.399383 0.058612 0.102469
7 0.210825 0.711728 0.069976 0.104938
7 0.268242 0.337037 0.053230 0.098765
8 0.342105 0.209259 0.062201 0.117284
8 0.304426 0.467901 0.078947 0.138272
9 0.449462 0.312963 0.069976 0.146914
11 0.286782 0.616667 0.103469 0.161728
9 0.651316 0.443210 0.075359 0.150617
12 0.372608 0.360494 0.086124 0.170370
