1 0.440490 0.461728 0.053230 0.111111
1 0.574761 0.545062 0.056220 0.109877
1 0.590311 0.468519 0.052632 0.114815
1 0.656100 0.383951 0.047847 0.091358
2 0.567285 0.720988 0.069976 0.130864
3 0.732656 0.623457 0.071770 0.150617
4 0.730861 0.441975 0.061005 0.143210
4 0.279007 0.614198 0.081938 0.146914
6 0.294258 0.443210 0.099282 0.172840
7 0.513457 0.391975 0.049641 0.109877
7 0.656400 0.635802 0.055622 0.108642
7 0.574462 0.635802 0.050837 0.113580
7 0.196770 0.703704 0.065789 0.111111
8 0.346890 0.188272 0.061005 0.129630
8 0.376495 0.383333 0.062799 0.132099
9 0.648026 0.291975 0.065191 0.144444
9 0.654306 0.454321 0.070574 0.140741
11 0.408493 0.609259 0.100478 0.181481
12 0.526316 0.213580 0.074163 0.182716
