12 0.540072 0.246296 0.072967 0.179012
11 0.405203 0.587654 0.087919 0.165432
9 0.649821 0.324074 0.065191 0.137037
9 0.648325 0.468519 0.061005 0.132099
8 0.373206 0.203704 0.056220 0.108642
8 0.388158 0.382716 0.059809 0.123457
7 0.204246 0.653704 0.058014 0.100000
7 0.562201 0.628395 0.049043 0.103704
7 0.635467 0.640741 0.053230 0.101235
7 0.519139 0.408025 0.052632 0.104938
6 0.310108 0.428395 0.090311 0.167901
4 0.286184 0.583951 0.073565 0.123457
4 0.718002 0.468519 0.060407 0.134568
3 0.709330 0.634568 0.066986 0.138272
2 0.550239 0.706790 0.059809 0.117284
1 0.447967 0.453704 0.050239 0.104938
1 0.567285 0.547531 0.054426 0.104938
1 0.584330 0.480247 0.049043 0.108642
1 0.655502 0.414198 0.044258 0.102469
