1 0.441986 0.460494 0.052632 0.108642
1 0.572667 0.544444 0.053230 0.101235
1 0.590610 0.474074 0.052033 0.103704
1 0.656699 0.387654 0.044258 0.093827
2 0.561902 0.717284 0.065191 0.120988
3 0.723983 0.630247 0.066388 0.146914
4 0.726077 0.446914 0.058612 0.148148
4 0.279306 0.606790 0.087321 0.137037
6 0.296950 0.440741 0.092703 0.175309
7 0.512859 0.393827 0.047249 0.116049
7 0.200658 0.696296 0.073565 0.111111
7 0.571471 0.634568 0.052033 0.108642
7 0.648325 0.641358 0.062201 0.109877
8 0.352871 0.196296 0.061005 0.120988
8 0.380084 0.379630 0.068780 0.127160
9 0.647428 0.301235 0.065191 0.145679
9 0.651615 0.458025 0.067584 0.140741
12 0.528708 0.221605 0.074163 0.179012
11 0.408493 0.607407 0.086124 0.170370
