1 0.392344 0.385185 0.055024 0.101235
1 0.654306 0.385185 0.052632 0.101235
1 0.577452 0.545062 0.054426 0.104938
1 0.421352 0.640123 0.063995 0.112346
2 0.500299 0.724691 0.073565 0.128395
3 0.369019 0.450000 0.077751 0.137037
4 0.661184 0.545679 0.061603 0.143210
4 0.217703 0.543210 0.072967 0.130864
6 0.265550 0.285802 0.088517 0.166667
7 0.497309 0.475926 0.060407 0.100000
7 0.520933 0.390123 0.053828 0.113580
7 0.309809 0.466049 0.055024 0.112346
8 0.347787 0.190123 0.062799 0.123457
7 0.494617 0.624074 0.059809 0.102469
8 0.454844 0.311111 0.061603 0.135802
9 0.718301 0.162346 0.058612 0.144444
9 0.573864 0.712346 0.077153 0.148148
11 0.269139 0.606790 0.098086 0.166667
12 0.581041 0.430864 0.074761 0.172840
