1 0.423146 0.638272 0.061603 0.111111
1 0.576854 0.543827 0.056818 0.107407
1 0.648923 0.383951 0.057416 0.113580
1 0.392045 0.393827 0.050837 0.103704
2 0.500897 0.716049 0.074761 0.120988
3 0.370215 0.450617 0.081340 0.130864
4 0.223983 0.550000 0.071172 0.132099
4 0.661782 0.539506 0.061603 0.130864
6 0.264653 0.298765 0.089115 0.172840
7 0.497309 0.477160 0.059211 0.100000
7 0.518840 0.388272 0.048445 0.109877
7 0.497010 0.621605 0.058612 0.100000
7 0.313397 0.473457 0.056220 0.114815
8 0.450957 0.316667 0.061005 0.122222
8 0.345993 0.207407 0.063995 0.120988
9 0.577452 0.704321 0.077153 0.137037
9 0.711124 0.166049 0.058612 0.149383
11 0.277811 0.611728 0.103469 0.159259
12 0.581938 0.430247 0.075359 0.179012
