1 0.574761 0.543827 0.057416 0.112346
1 0.651615 0.396914 0.054426 0.117284
1 0.398325 0.385185 0.049043 0.096296
1 0.419258 0.628395 0.059809 0.111111
2 0.492524 0.713580 0.071172 0.135802
3 0.373206 0.444444 0.075359 0.138272
4 0.654904 0.551235 0.064593 0.139506
4 0.224880 0.527778 0.065789 0.139506
6 0.278409 0.282716 0.083134 0.175309
7 0.314892 0.458025 0.052033 0.106173
7 0.521232 0.391358 0.049641 0.103704
7 0.497010 0.474691 0.051435 0.100000
7 0.490132 0.616667 0.050837 0.102469
8 0.361543 0.196914 0.062799 0.114815
8 0.460227 0.320370 0.059211 0.127160
9 0.723385 0.189506 0.060407 0.134568
9 0.566986 0.709877 0.069378 0.135802
11 0.276316 0.590741 0.095694 0.161728
12 0.581340 0.438889 0.068182 0.159259
