1 0.392344 0.392593 0.052632 0.108642
1 0.653708 0.386420 0.053828 0.106173
2 0.326555 0.729630 0.081340 0.128395
2 0.719797 0.291975 0.056818 0.137037
3 0.444378 0.372222 0.075359 0.134568
4 0.240132 0.454938 0.075957 0.132099
4 0.584330 0.450000 0.065789 0.139506
5 0.490730 0.706790 0.097488 0.176543
6 0.265849 0.286420 0.089115 0.172840
7 0.513158 0.458025 0.052632 0.098765
7 0.522129 0.386420 0.050239 0.093827
8 0.499701 0.536420 0.065191 0.129630
8 0.344199 0.188889 0.061603 0.118519
9 0.385467 0.303704 0.073565 0.140741
9 0.649222 0.625926 0.074761 0.148148
10 0.219199 0.624074 0.078349 0.137037
11 0.348086 0.517901 0.089713 0.174074
12 0.518242 0.274074 0.074761 0.172840
