12 0.522428 0.282716 0.069976 0.172840
11 0.353469 0.508642 0.084928 0.165432
10 0.226077 0.593827 0.076555 0.133333
9 0.639354 0.627160 0.071770 0.150617
9 0.397428 0.307407 0.072368 0.133333
8 0.362440 0.198765 0.061005 0.118519
8 0.498804 0.543210 0.061005 0.128395
7 0.517644 0.462346 0.050837 0.102469
7 0.523624 0.398765 0.049641 0.103704
6 0.280502 0.285802 0.082536 0.156790
5 0.483553 0.693827 0.089115 0.167901
4 0.248505 0.441358 0.068780 0.132099
4 0.582237 0.455556 0.061603 0.150617
3 0.450957 0.376543 0.066986 0.130864
2 0.719797 0.321605 0.058014 0.129630
2 0.323266 0.705556 0.074761 0.122222
1 0.651914 0.407407 0.050239 0.111111
1 0.399222 0.388889 0.052033 0.101235
