1 0.391447 0.385185 0.054426 0.108642
1 0.652213 0.393210 0.055622 0.109877
2 0.719498 0.302469 0.058612 0.123457
2 0.325658 0.720988 0.079545 0.143210
3 0.448266 0.373457 0.072368 0.137037
4 0.243122 0.444444 0.073565 0.133333
4 0.580742 0.450617 0.063397 0.143210
5 0.484450 0.703704 0.090909 0.165432
6 0.270933 0.285185 0.084928 0.170370
7 0.517644 0.458025 0.052033 0.108642
7 0.521531 0.398765 0.055024 0.101235
8 0.352871 0.195062 0.057416 0.123457
8 0.502392 0.540741 0.061005 0.135802
9 0.645036 0.628395 0.072368 0.150617
10 0.220096 0.612963 0.082536 0.137037
11 0.353469 0.519753 0.093301 0.165432
12 0.518242 0.279630 0.069976 0.171605
