1 0.654007 0.387037 0.053230 0.112346
1 0.374402 0.462963 0.057416 0.106173
1 0.308313 0.466049 0.055622 0.100000
2 0.346890 0.625926 0.070574 0.128395
2 0.718900 0.294444 0.055024 0.127160
3 0.446770 0.299383 0.074163 0.149383
4 0.211722 0.617284 0.082536 0.140741
4 0.729964 0.537037 0.063995 0.143210
5 0.564892 0.716667 0.091507 0.166667
7 0.583732 0.465432 0.059809 0.111111
8 0.500299 0.540741 0.069976 0.135802
8 0.346591 0.192593 0.065191 0.125926
9 0.458433 0.227160 0.073565 0.143210
10 0.290969 0.527160 0.077153 0.140741
10 0.314593 0.377160 0.068182 0.134568
11 0.412978 0.702469 0.098684 0.172840
9 0.650419 0.625926 0.074761 0.155556
