9 0.649522 0.608025 0.071770 0.134568
9 0.447667 0.250000 0.068780 0.129630
11 0.424043 0.695062 0.095694 0.160494
10 0.301435 0.539506 0.072967 0.130864
10 0.317883 0.404938 0.066388 0.125926
8 0.502990 0.539506 0.066986 0.133333
8 0.339713 0.230864 0.062201 0.123457
7 0.578349 0.463580 0.057416 0.117284
5 0.571770 0.696914 0.089713 0.151852
4 0.228768 0.631481 0.083134 0.129630
4 0.722189 0.514198 0.065191 0.141975
3 0.442584 0.319136 0.075359 0.137037
2 0.360048 0.627160 0.071770 0.123457
2 0.702153 0.291975 0.055024 0.127160
1 0.317584 0.484568 0.057416 0.095062
1 0.377990 0.476543 0.057416 0.103704
1 0.641746 0.385185 0.049043 0.113580
