1 0.651017 0.391358 0.050837 0.113580
1 0.377691 0.461728 0.053230 0.108642
1 0.313098 0.463580 0.053230 0.100000
2 0.350179 0.620988 0.074761 0.130864
2 0.718900 0.298148 0.051435 0.134568
3 0.450060 0.304938 0.067584 0.138272
4 0.214115 0.614198 0.078947 0.127160
4 0.727572 0.541358 0.062799 0.146914
5 0.562799 0.712963 0.086124 0.161728
7 0.582835 0.461728 0.055622 0.116049
8 0.498505 0.540741 0.061603 0.128395
8 0.350778 0.195679 0.061603 0.117284
9 0.647428 0.629012 0.069976 0.144444
10 0.292165 0.520370 0.071172 0.137037
10 0.317584 0.379012 0.066986 0.130864
11 0.412679 0.700000 0.099282 0.167901
