1 0.654904 0.386420 0.055024 0.111111
1 0.311005 0.464198 0.056220 0.108642
1 0.354067 0.545062 0.062201 0.109877
2 0.199462 0.632716 0.079545 0.122222
2 0.730562 0.538272 0.063995 0.130864
3 0.584629 0.227778 0.067584 0.149383
4 0.649222 0.624074 0.069976 0.139506
4 0.279605 0.315432 0.063995 0.134568
5 0.581639 0.356790 0.077153 0.177778
7 0.585227 0.464198 0.059211 0.111111
8 0.344797 0.191975 0.063995 0.122222
8 0.441986 0.441975 0.070574 0.145679
9 0.459928 0.232716 0.068182 0.144444
9 0.488038 0.720370 0.086124 0.149383
10 0.317883 0.385185 0.075957 0.145679
10 0.217703 0.538272 0.072967 0.138272
11 0.425538 0.524074 0.091507 0.179012
