1 0.310706 0.464198 0.056818 0.103704
1 0.357057 0.545679 0.061005 0.113580
1 0.653110 0.390123 0.051435 0.113580
2 0.731160 0.535185 0.058014 0.134568
2 0.200658 0.630247 0.079545 0.129630
3 0.585825 0.231481 0.065191 0.141975
4 0.281699 0.311728 0.064593 0.137037
4 0.648026 0.620370 0.062799 0.146914
5 0.582835 0.356790 0.074761 0.172840
7 0.584928 0.466667 0.051435 0.108642
8 0.441089 0.442593 0.066388 0.134568
8 0.348684 0.190741 0.066986 0.129630
9 0.459031 0.231481 0.073565 0.144444
9 0.488337 0.719136 0.083134 0.156790
10 0.216806 0.537037 0.077153 0.138272
10 0.316687 0.381481 0.067584 0.128395
11 0.425837 0.522222 0.093301 0.172840
