11 0.426136 0.525309 0.091507 0.174074
10 0.317285 0.382716 0.065191 0.125926
10 0.221890 0.538272 0.075359 0.133333
9 0.485048 0.716667 0.084928 0.159259
9 0.459928 0.234568 0.070574 0.138272
8 0.349282 0.191358 0.068182 0.123457
8 0.439593 0.448765 0.065789 0.139506
7 0.585227 0.467284 0.054426 0.114815
5 0.582536 0.355556 0.070574 0.170370
4 0.279605 0.316667 0.061603 0.137037
4 0.647727 0.618519 0.059809 0.153086
3 0.584330 0.234568 0.065789 0.150617
2 0.730861 0.539506 0.062201 0.140741
2 0.200957 0.628395 0.084928 0.123457
1 0.312500 0.466049 0.054426 0.100000
1 0.355562 0.549383 0.053230 0.111111
1 0.655801 0.386420 0.055622 0.111111
